3 0.01 1994 2000
3 0.011 1989 2000
3 0.012 1984 2000
3 0.013 1990 2000
3 0.014 1979 2000
3 0.015 1988 2000
3 0.016 1973 2000
3 0.017 1981 2000
3 0.018 1966 2000
3 0.019 1976 2000
3 0.02 1962 2000
3 0.021 1961 2000
3 0.022 1961 2000
3 0.023 1952 2000
3 0.024 1952 2000
3 0.025 1950 2000
3 0.026 1945 2000
3 0.027 1931 2000
3 0.028 1938 2000
3 0.029 1921 2000
3 0.03 1912 2000
3 0.031 1912 2000
3 0.032 1921 2000
3 0.033 1912 2000
3 0.034 1895 2000
3 0.035 1892 2000
3 0.036 1908 2000
3 0.037 1885 2000
3 0.038 1862 2000
3 0.039 1864 2000
3 0.04 1878 2000
3 0.041 1863 2000
3 0.042 1850 2000
3 0.043 1834 2000
3 0.044 1850 2000
3 0.045 1838 2000
3 0.046 1813 2000
3 0.047 1780 2000
3 0.048 1807 2000
3 0.049 1768 2000
3 0.05 1763 2000
3 0.051 1772 2000
3 0.052 1769 2000
3 0.053 1767 2000
3 0.054 1753 2000
3 0.055 1781 2000
3 0.056 1721 2000
3 0.057 1721 2000
3 0.058 1712 2000
3 0.059 1718 2000
3 0.06 1711 2000
3 0.061 1671 2000
3 0.062 1703 2000
3 0.063 1668 2000
3 0.064 1681 2000
3 0.065 1641 2000
3 0.066 1650 2000
3 0.067 1628 2000
3 0.068 1625 2000
3 0.069 1630 2000
3 0.07 1611 2000
3 0.071 1629 2000
3 0.072 1594 2000
3 0.073 1580 2000
3 0.074 1585 2000
3 0.075 1563 2000
3 0.076 1583 2000
3 0.077 1564 2000
3 0.078 1577 2000
3 0.079 1546 2000
3 0.08 1522 2000
3 0.081 1559 2000
3 0.082 1496 2000
3 0.083 1526 2000
3 0.084 1486 2000
3 0.085 1484 2000
3 0.086 1478 2000
3 0.087 1458 2000
3 0.088 1489 2000
3 0.089 1461 2000
3 0.09 1451 2000
3 0.091 1468 2000
3 0.092 1445 2000
3 0.093 1444 2000
3 0.094 1394 2000
3 0.095 1383 2000
3 0.096 1428 2000
3 0.097 1374 2000
3 0.098 1375 2000
3 0.099 1415 2000
3 0.1 1352 2000
3 0.101 1326 2000
3 0.102 1336 2000
3 0.103 1343 2000
3 0.104 1361 2000
3 0.105 1357 2000
3 0.106 1326 2000
3 0.107 1338 2000
3 0.108 1332 2000
3 0.109 1284 2000
3 0.11 1304 2000
3 0.111 1336 2000
3 0.112 1283 2000
3 0.113 1246 2000
3 0.114 1295 2000
3 0.115 1298 2000
3 0.116 1274 2000
3 0.117 1287 2000
3 0.118 1239 2000
3 0.119 1239 2000
3 0.12 1251 2000
3 0.121 1254 2000
3 0.122 1231 2000
3 0.123 1234 2000
3 0.124 1213 2000
3 0.125 1197 2000
3 0.126 1199 2000
3 0.127 1213 2000
3 0.128 1185 2000
3 0.129 1192 2000
3 0.13 1200 2000
3 0.131 1180 2000
3 0.132 1184 2000
3 0.133 1168 2000
3 0.134 1181 2000
3 0.135 1190 2000
3 0.136 1164 2000
3 0.137 1149 2000
3 0.138 1141 2000
3 0.139 1139 2000
3 0.14 1144 2000
3 0.141 1133 2000
3 0.142 1130 2000
3 0.143 1178 2000
3 0.144 1126 2000
3 0.145 1104 2000
3 0.146 1123 2000
3 0.147 1106 2000
3 0.148 1111 2000
3 0.149 1116 2000
3 0.15 1084 2000
3 0.151 1095 2000
3 0.152 1084 2000
3 0.153 1096 2000
3 0.154 1115 2000
3 0.155 1095 2000
3 0.156 1093 2000
3 0.157 1121 2000
3 0.158 1089 2000
3 0.159 1083 2000
3 0.16 1059 2000
3 0.161 1074 2000
3 0.162 1143 2000
3 0.163 1094 2000
3 0.164 1089 2000
3 0.165 1010 2000
3 0.166 1081 2000
3 0.167 1054 2000
3 0.168 1078 2000
3 0.169 1047 2000
3 0.17 1052 2000
3 0.171 1076 2000
3 0.172 1043 2000
3 0.173 1026 2000
3 0.174 1067 2000
3 0.175 1085 2000
3 0.176 1033 2000
3 0.177 1047 2000
3 0.178 1049 2000
3 0.179 1000 2000
3 0.18 1043 2000
3 0.181 1033 2000
3 0.182 1018 2000
3 0.183 1051 2000
3 0.184 1007 2000
3 0.185 1045 2000
3 0.186 1033 2000
3 0.187 1040 2000
3 0.188 1020 2000
3 0.189 1018 2000
3 0.19 1018 2000
3 0.191 1008 2000
3 0.192 1001 2000
3 0.193 1032 2000
3 0.194 1029 2000
3 0.195 1038 2000
3 0.196 945 2000
3 0.197 994 2000
3 0.198 1008 2000
3 0.199 1017 2000
3 0.2 1002 2000
5 0.01 1999 2000
5 0.011 2000 2000
5 0.012 1996 2000
5 0.013 1995 2000
5 0.014 1999 2000
5 0.015 1995 2000
5 0.016 1992 2000
5 0.017 1993 2000
5 0.018 1996 2000
5 0.019 1989 2000
5 0.02 1992 2000
5 0.021 1993 2000
5 0.022 1981 2000
5 0.023 1974 2000
5 0.024 1979 2000
5 0.025 1982 2000
5 0.026 1968 2000
5 0.027 1960 2000
5 0.028 1964 2000
5 0.029 1964 2000
5 0.03 1955 2000
5 0.031 1962 2000
5 0.032 1952 2000
5 0.033 1945 2000
5 0.034 1942 2000
5 0.035 1924 2000
5 0.036 1931 2000
5 0.037 1910 2000
5 0.038 1901 2000
5 0.039 1891 2000
5 0.04 1895 2000
5 0.041 1901 2000
5 0.042 1883 2000
5 0.043 1862 2000
5 0.044 1874 2000
5 0.045 1867 2000
5 0.046 1830 2000
5 0.047 1822 2000
5 0.048 1823 2000
5 0.049 1806 2000
5 0.05 1807 2000
5 0.051 1801 2000
5 0.052 1772 2000
5 0.053 1771 2000
5 0.054 1769 2000
5 0.055 1755 2000
5 0.056 1736 2000
5 0.057 1667 2000
5 0.058 1711 2000
5 0.059 1719 2000
5 0.06 1687 2000
5 0.061 1638 2000
5 0.062 1654 2000
5 0.063 1657 2000
5 0.064 1653 2000
5 0.065 1622 2000
5 0.066 1621 2000
5 0.067 1611 2000
5 0.068 1612 2000
5 0.069 1589 2000
5 0.07 1585 2000
5 0.071 1572 2000
5 0.072 1549 2000
5 0.073 1570 2000
5 0.074 1506 2000
5 0.075 1522 2000
5 0.076 1491 2000
5 0.077 1504 2000
5 0.078 1480 2000
5 0.079 1497 2000
5 0.08 1473 2000
5 0.081 1433 2000
5 0.082 1445 2000
5 0.083 1452 2000
5 0.084 1417 2000
5 0.085 1389 2000
5 0.086 1419 2000
5 0.087 1362 2000
5 0.088 1332 2000
5 0.089 1350 2000
5 0.09 1331 2000
5 0.091 1356 2000
5 0.092 1323 2000
5 0.093 1326 2000
5 0.094 1337 2000
5 0.095 1326 2000
5 0.096 1339 2000
5 0.097 1306 2000
5 0.098 1249 2000
5 0.099 1284 2000
5 0.1 1276 2000
5 0.101 1228 2000
5 0.102 1273 2000
5 0.103 1254 2000
5 0.104 1234 2000
5 0.105 1266 2000
5 0.106 1241 2000
5 0.107 1232 2000
5 0.108 1223 2000
5 0.109 1211 2000
5 0.11 1178 2000
5 0.111 1247 2000
5 0.112 1178 2000
5 0.113 1213 2000
5 0.114 1169 2000
5 0.115 1156 2000
5 0.116 1132 2000
5 0.117 1119 2000
5 0.118 1184 2000
5 0.119 1112 2000
5 0.12 1156 2000
5 0.121 1156 2000
5 0.122 1169 2000
5 0.123 1150 2000
5 0.124 1148 2000
5 0.125 1108 2000
5 0.126 1109 2000
5 0.127 1109 2000
5 0.128 1094 2000
5 0.129 1092 2000
5 0.13 1112 2000
5 0.131 1131 2000
5 0.132 1123 2000
5 0.133 1056 2000
5 0.134 1066 2000
5 0.135 1107 2000
5 0.136 1054 2000
5 0.137 1105 2000
5 0.138 1083 2000
5 0.139 1091 2000
5 0.14 1054 2000
5 0.141 1083 2000
5 0.142 1051 2000
5 0.143 1020 2000
5 0.144 1063 2000
5 0.145 1041 2000
5 0.146 1043 2000
5 0.147 1049 2000
5 0.148 1033 2000
5 0.149 1066 2000
5 0.15 1052 2000
5 0.151 1034 2000
5 0.152 1032 2000
5 0.153 1065 2000
5 0.154 1021 2000
5 0.155 1045 2000
5 0.156 1052 2000
5 0.157 1071 2000
5 0.158 1006 2000
5 0.159 1064 2000
5 0.16 1057 2000
5 0.161 1038 2000
5 0.162 1058 2000
5 0.163 1012 2000
5 0.164 1031 2000
5 0.165 1018 2000
5 0.166 1016 2000
5 0.167 1039 2000
5 0.168 1041 2000
5 0.169 1036 2000
5 0.17 1029 2000
5 0.171 1051 2000
5 0.172 961 2000
5 0.173 1058 2000
5 0.174 993 2000
5 0.175 965 2000
5 0.176 1053 2000
5 0.177 1007 2000
5 0.178 1027 2000
5 0.179 989 2000
5 0.18 1007 2000
5 0.181 1034 2000
5 0.182 1003 2000
5 0.183 1020 2000
5 0.184 989 2000
5 0.185 1025 2000
5 0.186 1027 2000
5 0.187 992 2000
5 0.188 1027 2000
5 0.189 972 2000
5 0.19 1035 2000
5 0.191 1002 2000
5 0.192 1000 2000
5 0.193 1028 2000
5 0.194 1054 2000
5 0.195 1002 2000
5 0.196 967 2000
5 0.197 1003 2000
5 0.198 1007 2000
5 0.199 1007 2000
5 0.2 1028 2000
7 0.01 1000 1000
7 0.011 1000 1000
7 0.012 998 1000
7 0.013 1000 1000
7 0.014 997 1000
7 0.015 1000 1000
7 0.016 1000 1000
7 0.017 1000 1000
7 0.018 999 1000
7 0.019 997 1000
7 0.02 1000 1000
7 0.021 999 1000
7 0.022 998 1000
7 0.023 997 1000
7 0.024 985 1000
7 0.025 993 1000
7 0.026 992 1000
7 0.027 992 1000
7 0.028 983 1000
7 0.029 986 1000
7 0.03 984 1000
7 0.031 977 1000
7 0.032 978 1000
7 0.033 976 1000
7 0.034 966 1000
7 0.035 960 1000
7 0.036 954 1000
7 0.037 959 1000
7 0.038 927 1000
7 0.039 952 1000
7 0.04 935 1000
7 0.041 932 1000
7 0.042 932 1000
7 0.043 929 1000
7 0.044 932 1000
7 0.045 895 1000
7 0.046 909 1000
7 0.047 890 1000
7 0.048 888 1000
7 0.049 883 1000
7 0.05 872 1000
7 0.051 870 1000
7 0.052 859 1000
7 0.053 847 1000
7 0.054 871 1000
7 0.055 847 1000
7 0.056 848 1000
7 0.057 817 1000
7 0.058 789 1000
7 0.059 815 1000
7 0.06 811 1000
7 0.061 781 1000
7 0.062 774 1000
7 0.063 781 1000
7 0.064 762 1000
7 0.065 752 1000
7 0.066 756 1000
7 0.067 749 1000
7 0.068 740 1000
7 0.069 716 1000
7 0.07 716 1000
7 0.071 707 1000
7 0.072 685 1000
7 0.073 707 1000
7 0.074 682 1000
7 0.075 669 1000
7 0.076 687 1000
7 0.077 654 1000
7 0.078 658 1000
7 0.079 659 1000
7 0.08 643 1000
7 0.081 619 1000
7 0.082 659 1000
7 0.083 648 1000
7 0.084 638 1000
7 0.085 636 1000
7 0.086 671 1000
7 0.087 590 1000
7 0.088 614 1000
7 0.089 589 1000
7 0.09 607 1000
7 0.091 616 1000
7 0.092 597 1000
7 0.093 577 1000
7 0.094 590 1000
7 0.095 589 1000
7 0.096 573 1000
7 0.097 574 1000
7 0.098 600 1000
7 0.099 594 1000
7 0.1 577 1000
7 0.101 522 1000
7 0.102 546 1000
7 0.103 575 1000
7 0.104 532 1000
7 0.105 553 1000
7 0.106 568 1000
7 0.107 555 1000
7 0.108 533 1000
7 0.109 559 1000
7 0.11 522 1000
7 0.111 561 1000
7 0.112 553 1000
7 0.113 545 1000
7 0.114 529 1000
7 0.115 520 1000
7 0.116 507 1000
7 0.117 513 1000
7 0.118 531 1000
7 0.119 512 1000
7 0.12 509 1000
7 0.121 546 1000
7 0.122 530 1000
7 0.123 514 1000
7 0.124 524 1000
7 0.125 500 1000
7 0.126 539 1000
7 0.127 526 1000
7 0.128 523 1000
7 0.129 492 1000
7 0.13 506 1000
7 0.131 536 1000
7 0.132 516 1000
7 0.133 537 1000
7 0.134 547 1000
7 0.135 519 1000
7 0.136 515 1000
7 0.137 515 1000
7 0.138 488 1000
7 0.139 509 1000
7 0.14 538 1000
7 0.141 491 1000
7 0.142 487 1000
7 0.143 517 1000
7 0.144 507 1000
7 0.145 506 1000
7 0.146 478 1000
7 0.147 514 1000
7 0.148 511 1000
7 0.149 512 1000
7 0.15 509 1000
7 0.151 501 1000
7 0.152 484 1000
7 0.153 531 1000
7 0.154 526 1000
7 0.155 492 1000
7 0.156 478 1000
7 0.157 509 1000
7 0.158 487 1000
7 0.159 492 1000
7 0.16 508 1000
7 0.161 526 1000
7 0.162 491 1000
7 0.163 503 1000
7 0.164 501 1000
7 0.165 526 1000
7 0.166 466 1000
7 0.167 530 1000
7 0.168 472 1000
7 0.169 493 1000
7 0.17 514 1000
7 0.171 523 1000
7 0.172 498 1000
7 0.173 509 1000
7 0.174 450 1000
7 0.175 507 1000
7 0.176 494 1000
7 0.177 515 1000
7 0.178 507 1000
7 0.179 524 1000
7 0.18 499 1000
7 0.181 506 1000
7 0.182 501 1000
7 0.183 505 1000
7 0.184 499 1000
7 0.185 525 1000
7 0.186 477 1000
7 0.187 483 1000
7 0.188 518 1000
7 0.189 499 1000
7 0.19 492 1000
7 0.191 502 1000
7 0.192 480 1000
7 0.193 480 1000
7 0.194 503 1000
7 0.195 534 1000
7 0.196 503 1000
7 0.197 531 1000
7 0.198 504 1000
7 0.199 504 1000
7 0.2 491 1000
15 0.01 1000 1000
15 0.011 1000 1000
15 0.012 1000 1000
15 0.013 1000 1000
15 0.014 998 1000
15 0.015 999 1000
15 0.016 997 1000
15 0.017 999 1000
15 0.018 998 1000
15 0.019 997 1000
15 0.02 989 1000
15 0.021 985 1000
15 0.022 989 1000
15 0.023 983 1000
15 0.024 972 1000
15 0.025 971 1000
15 0.026 957 1000
15 0.027 944 1000
15 0.028 915 1000
15 0.029 921 1000
15 0.03 907 1000
15 0.031 876 1000
15 0.032 865 1000
15 0.033 873 1000
15 0.034 834 1000
15 0.035 815 1000
15 0.036 790 1000
15 0.037 795 1000
15 0.038 755 1000
15 0.039 754 1000
15 0.04 713 1000
15 0.041 705 1000
15 0.042 704 1000
15 0.043 672 1000
15 0.044 657 1000
15 0.045 649 1000
15 0.046 612 1000
15 0.047 638 1000
15 0.048 592 1000
15 0.049 571 1000
15 0.05 578 1000
15 0.051 614 1000
15 0.052 571 1000
15 0.053 580 1000
15 0.054 588 1000
15 0.055 570 1000
15 0.056 555 1000
15 0.057 533 1000
15 0.058 539 1000
15 0.059 513 1000
15 0.06 524 1000
15 0.061 531 1000
15 0.062 513 1000
15 0.063 515 1000
15 0.064 537 1000
15 0.065 520 1000
15 0.066 507 1000
15 0.067 529 1000
15 0.068 535 1000
15 0.069 526 1000
15 0.07 535 1000
15 0.071 515 1000
15 0.072 517 1000
15 0.073 491 1000
15 0.074 521 1000
15 0.075 495 1000
15 0.076 466 1000
15 0.077 512 1000
15 0.078 483 1000
15 0.079 479 1000
15 0.08 531 1000
15 0.081 525 1000
15 0.082 489 1000
15 0.083 500 1000
15 0.084 500 1000
15 0.085 505 1000
15 0.086 514 1000
15 0.087 490 1000
15 0.088 511 1000
15 0.089 505 1000
15 0.09 493 1000
15 0.091 504 1000
15 0.092 507 1000
15 0.093 498 1000
15 0.094 493 1000
15 0.095 497 1000
15 0.096 484 1000
15 0.097 484 1000
15 0.098 501 1000
15 0.099 467 1000
15 0.1 486 1000
15 0.101 506 1000
15 0.102 480 1000
15 0.103 480 1000
15 0.104 501 1000
15 0.105 520 1000
15 0.106 520 1000
15 0.107 499 1000
15 0.108 529 1000
15 0.109 526 1000
15 0.11 483 1000
15 0.111 485 1000
15 0.112 495 1000
15 0.113 483 1000
15 0.114 499 1000
15 0.115 492 1000
15 0.116 515 1000
15 0.117 514 1000
15 0.118 476 1000
15 0.119 499 1000
15 0.12 508 1000
15 0.121 485 1000
15 0.122 490 1000
15 0.123 493 1000
15 0.124 483 1000
15 0.125 499 1000
15 0.126 481 1000
15 0.127 501 1000
15 0.128 512 1000
15 0.129 515 1000
15 0.13 488 1000
15 0.131 512 1000
15 0.132 478 1000
15 0.133 518 1000
15 0.134 507 1000
15 0.135 477 1000
15 0.136 500 1000
15 0.137 510 1000
15 0.138 515 1000
15 0.139 514 1000
15 0.14 487 1000
15 0.141 504 1000
15 0.142 477 1000
15 0.143 490 1000
15 0.144 499 1000
15 0.145 511 1000
15 0.146 468 1000
15 0.147 473 1000
15 0.148 503 1000
15 0.149 531 1000
15 0.15 488 1000
15 0.151 505 1000
15 0.152 497 1000
15 0.153 518 1000
15 0.154 490 1000
15 0.155 486 1000
15 0.156 508 1000
15 0.157 528 1000
15 0.158 524 1000
15 0.159 519 1000
15 0.16 509 1000
15 0.161 499 1000
15 0.162 511 1000
15 0.163 502 1000
15 0.164 496 1000
15 0.165 481 1000
15 0.166 515 1000
15 0.167 528 1000
15 0.168 526 1000
15 0.169 507 1000
15 0.17 499 1000
15 0.171 490 1000
15 0.172 502 1000
15 0.173 493 1000
15 0.174 486 1000
15 0.175 497 1000
15 0.176 496 1000
15 0.177 490 1000
15 0.178 508 1000
15 0.179 521 1000
15 0.18 497 1000
15 0.181 503 1000
15 0.182 498 1000
15 0.183 514 1000
15 0.184 518 1000
15 0.185 471 1000
15 0.186 495 1000
15 0.187 500 1000
15 0.188 484 1000
15 0.189 494 1000
15 0.19 530 1000
15 0.191 486 1000
15 0.192 502 1000
15 0.193 509 1000
15 0.194 509 1000
15 0.195 494 1000
15 0.196 516 1000
15 0.197 492 1000
15 0.198 493 1000
15 0.199 500 1000
15 0.2 496 1000
