5 0.01 111982 112000
5 0.011 111978 112000
5 0.012 111959 112000
5 0.013 111968 112000
5 0.014 111947 112000
5 0.015 111945 112000
5 0.016 111923 112000
5 0.017 111908 112000
5 0.018 111871 112000
5 0.019 111854 112000
5 0.02 111850 112000
5 0.021 111815 112000
5 0.022 111783 112000
5 0.023 111724 112000
5 0.024 111704 112000
5 0.025 111670 112000
5 0.026 111598 112000
5 0.027 111590 112000
5 0.028 111511 112000
5 0.029 111440 112000
5 0.03 111340 112000
5 0.031 111346 112000
5 0.032 111234 112000
5 0.033 111115 112000
5 0.034 111037 112000
5 0.035 110891 112000
5 0.036 110840 112000
5 0.037 110747 112000
5 0.038 110575 112000
5 0.039 110518 112000
5 0.04 110422 112000
5 0.041 110202 112000
5 0.042 110082 112000
5 0.043 109953 112000
5 0.044 109797 112000
5 0.045 109629 112000
5 0.046 109339 112000
5 0.047 109206 112000
5 0.048 108941 112000
5 0.049 108749 112000
5 0.05 108526 112000
5 0.051 108355 112000
5 0.052 108141 112000
5 0.053 108046 112000
5 0.054 107630 112000
5 0.055 107475 112000
5 0.056 107156 112000
5 0.057 106899 112000
5 0.058 106616 112000
5 0.059 106246 112000
5 0.06 105856 112000
5 0.061 105630 112000
5 0.062 105394 112000
5 0.063 105111 112000
5 0.064 104679 112000
5 0.065 104319 112000
5 0.066 104206 112000
5 0.067 103865 112000
5 0.068 103270 112000
5 0.069 102982 112000
5 0.07 102579 112000
5 0.071 102099 112000
5 0.072 101790 112000
5 0.073 101622 112000
5 0.074 100953 112000
5 0.075 100376 112000
5 0.076 100223 112000
5 0.077 99598 112000
5 0.078 99085 112000
5 0.079 98868 112000
5 0.08 98434 112000
5 0.081 97781 112000
5 0.082 97361 112000
5 0.083 97056 112000
5 0.084 96547 112000
5 0.085 96015 112000
5 0.086 95478 112000
5 0.087 94740 112000
5 0.088 94718 112000
5 0.089 94030 112000
5 0.09 93512 112000
5 0.091 92953 112000
5 0.092 92544 112000
5 0.093 91911 112000
5 0.094 91300 112000
5 0.095 90914 112000
5 0.096 90335 112000
5 0.097 89801 112000
5 0.098 89343 112000
5 0.099 88848 112000
5 0.1 88341 112000
5 0.101 87895 112000
5 0.102 87151 112000
5 0.103 86766 112000
5 0.104 86188 112000
5 0.105 85485 112000
5 0.106 84686 112000
5 0.107 84422 112000
5 0.108 84113 112000
5 0.109 83493 112000
5 0.11 82851 112000
5 0.111 82215 112000
5 0.112 81834 112000
5 0.113 81338 112000
5 0.114 80568 112000
5 0.115 80214 112000
5 0.116 79521 112000
5 0.117 78963 112000
5 0.118 78541 112000
5 0.119 78124 112000
5 0.12 77666 112000
5 0.121 76896 112000
5 0.122 76193 112000
5 0.123 75928 112000
5 0.124 75228 112000
5 0.125 74622 112000
5 0.126 74450 112000
5 0.127 73647 112000
5 0.128 72891 112000
5 0.129 73054 112000
5 0.13 72163 112000
5 0.131 71593 112000
5 0.132 70927 112000
5 0.133 70952 112000
5 0.134 70275 112000
5 0.135 69604 112000
5 0.136 69181 112000
5 0.137 69009 112000
5 0.138 68289 112000
5 0.139 67857 112000
5 0.14 67398 112000
5 0.141 66829 112000
5 0.142 66847 112000
5 0.143 65980 112000
5 0.144 65379 112000
5 0.145 65094 112000
5 0.146 64632 112000
5 0.147 64265 112000
5 0.148 63879 112000
5 0.149 63106 112000
5 0.15 62912 112000
5 0.151 62593 112000
5 0.152 62076 112000
5 0.153 61780 112000
5 0.154 61188 112000
5 0.155 61050 112000
5 0.156 60561 112000
5 0.157 59974 112000
5 0.158 59557 112000
5 0.159 59285 112000
5 0.16 58999 112000
5 0.161 58439 112000
5 0.162 57953 112000
5 0.163 57824 112000
5 0.164 57495 112000
5 0.165 57145 112000
5 0.166 56667 112000
5 0.167 56452 112000
5 0.168 55973 112000
5 0.169 55931 112000
5 0.17 55674 112000
5 0.171 55051 112000
5 0.172 54891 112000
5 0.173 54625 112000
5 0.174 54255 112000
5 0.175 54049 112000
5 0.176 53516 112000
5 0.177 53275 112000
5 0.178 52913 112000
5 0.179 53009 112000
5 0.18 52515 112000
5 0.181 52157 112000
5 0.182 51885 112000
5 0.183 51666 112000
5 0.184 51543 112000
5 0.185 51441 112000
5 0.186 51047 112000
5 0.187 51000 112000
5 0.188 50218 112000
5 0.189 50071 112000
5 0.19 49861 112000
5 0.191 49833 112000
5 0.192 49602 112000
5 0.193 49185 112000
5 0.194 49107 112000
5 0.195 48997 112000
5 0.196 48865 112000
5 0.197 48652 112000
5 0.198 48419 112000
5 0.199 48440 112000
5 0.2 48173 112000
5 0.201 865 2000
5 0.202 862 2000
5 0.203 816 2000
5 0.204 855 2000
5 0.205 850 2000
5 0.206 838 2000
5 0.207 852 2000
5 0.208 859 2000
5 0.209 798 2000
5 0.21 823 2000
5 0.211 820 2000
5 0.212 835 2000
5 0.213 861 2000
5 0.214 810 2000
5 0.215 788 2000
5 0.216 764 2000
5 0.217 811 2000
5 0.218 786 2000
5 0.219 808 2000
5 0.22 788 2000
5 0.221 787 2000
5 0.222 805 2000
5 0.223 807 2000
5 0.224 756 2000
5 0.225 806 2000
5 0.226 835 2000
5 0.227 789 2000
5 0.228 780 2000
5 0.229 807 2000
5 0.23 800 2000
5 0.231 777 2000
5 0.232 846 2000
5 0.233 793 2000
5 0.234 764 2000
5 0.235 771 2000
5 0.236 795 2000
5 0.237 798 2000
5 0.238 741 2000
5 0.239 794 2000
5 0.24 799 2000
5 0.241 817 2000
5 0.242 776 2000
5 0.243 728 2000
5 0.244 769 2000
5 0.245 781 2000
5 0.246 817 2000
5 0.247 733 2000
5 0.248 783 2000
5 0.249 802 2000
5 0.25 790 2000
7 0.01 3000 3000
7 0.011 3000 3000
7 0.012 3000 3000
7 0.013 3000 3000
7 0.014 3000 3000
7 0.015 3000 3000
7 0.016 2999 3000
7 0.017 2999 3000
7 0.018 2998 3000
7 0.019 3000 3000
7 0.02 3000 3000
7 0.021 2998 3000
7 0.022 3000 3000
7 0.023 2999 3000
7 0.024 3000 3000
7 0.025 2999 3000
7 0.026 2997 3000
7 0.027 2997 3000
7 0.028 2995 3000
7 0.029 2995 3000
7 0.03 2995 3000
7 0.031 2994 3000
7 0.032 2994 3000
7 0.033 2992 3000
7 0.034 2995 3000
7 0.035 2992 3000
7 0.036 2989 3000
7 0.037 2991 3000
7 0.038 2988 3000
7 0.039 2984 3000
7 0.04 2980 3000
7 0.041 2974 3000
7 0.042 2982 3000
7 0.043 2972 3000
7 0.044 2957 3000
7 0.045 2963 3000
7 0.046 2977 3000
7 0.047 2970 3000
7 0.048 2968 3000
7 0.049 2966 3000
7 0.05 2957 3000
7 0.051 2954 3000
7 0.052 2963 3000
7 0.053 2953 3000
7 0.054 2947 3000
7 0.055 2943 3000
7 0.056 2927 3000
7 0.057 2924 3000
7 0.058 2907 3000
7 0.059 2907 3000
7 0.06 2888 3000
7 0.061 2897 3000
7 0.062 2898 3000
7 0.063 2895 3000
7 0.064 2896 3000
7 0.065 2865 3000
7 0.066 2855 3000
7 0.067 2860 3000
7 0.068 2825 3000
7 0.069 2845 3000
7 0.07 2821 3000
7 0.071 2827 3000
7 0.072 2789 3000
7 0.073 2779 3000
7 0.074 2799 3000
7 0.075 2755 3000
7 0.076 2771 3000
7 0.077 2749 3000
7 0.078 2755 3000
7 0.079 2747 3000
7 0.08 2691 3000
7 0.081 2667 3000
7 0.082 2680 3000
7 0.083 2690 3000
7 0.084 2637 3000
7 0.085 2628 3000
7 0.086 2662 3000
7 0.087 2613 3000
7 0.088 2585 3000
7 0.089 2609 3000
7 0.09 2604 3000
7 0.091 2533 3000
7 0.092 2514 3000
7 0.093 2500 3000
7 0.094 2517 3000
7 0.095 2501 3000
7 0.096 2466 3000
7 0.097 2447 3000
7 0.098 2445 3000
7 0.099 2418 3000
7 0.1 2428 3000
7 0.101 2364 3000
7 0.102 2386 3000
7 0.103 2334 3000
7 0.104 2339 3000
7 0.105 2316 3000
7 0.106 2330 3000
7 0.107 2324 3000
7 0.108 2302 3000
7 0.109 2229 3000
7 0.11 2224 3000
7 0.111 2225 3000
7 0.112 2170 3000
7 0.113 2173 3000
7 0.114 2140 3000
7 0.115 2157 3000
7 0.116 2133 3000
7 0.117 2144 3000
7 0.118 2072 3000
7 0.119 2082 3000
7 0.12 2107 3000
7 0.121 2060 3000
7 0.122 2042 3000
7 0.123 2042 3000
7 0.124 2020 3000
7 0.125 1997 3000
7 0.126 1981 3000
7 0.127 1971 3000
7 0.128 1948 3000
7 0.129 1886 3000
7 0.13 1883 3000
7 0.131 1918 3000
7 0.132 1831 3000
7 0.133 1821 3000
7 0.134 1823 3000
7 0.135 1780 3000
7 0.136 1832 3000
7 0.137 1814 3000
7 0.138 1791 3000
7 0.139 1726 3000
7 0.14 1755 3000
7 0.141 1720 3000
7 0.142 1750 3000
7 0.143 1704 3000
7 0.144 1713 3000
7 0.145 1716 3000
7 0.146 1654 3000
7 0.147 1667 3000
7 0.148 1690 3000
7 0.149 1613 3000
7 0.15 1636 3000
7 0.151 1606 3000
7 0.152 1599 3000
7 0.153 1610 3000
7 0.154 1574 3000
7 0.155 1601 3000
7 0.156 1534 3000
7 0.157 1575 3000
7 0.158 1575 3000
7 0.159 1505 3000
7 0.16 1502 3000
7 0.161 1525 3000
7 0.162 1476 3000
7 0.163 1467 3000
7 0.164 1507 3000
7 0.165 1450 3000
7 0.166 1426 3000
7 0.167 1412 3000
7 0.168 1503 3000
7 0.169 1419 3000
7 0.17 1384 3000
7 0.171 1443 3000
7 0.172 1416 3000
7 0.173 1395 3000
7 0.174 1421 3000
7 0.175 1427 3000
7 0.176 1404 3000
7 0.177 1434 3000
7 0.178 1432 3000
7 0.179 1394 3000
7 0.18 1382 3000
7 0.181 1400 3000
7 0.182 1361 3000
7 0.183 1372 3000
7 0.184 1383 3000
7 0.185 1361 3000
7 0.186 1361 3000
7 0.187 1315 3000
7 0.188 1372 3000
7 0.189 1330 3000
7 0.19 1367 3000
7 0.191 1323 3000
7 0.192 1307 3000
7 0.193 1337 3000
7 0.194 1313 3000
7 0.195 1335 3000
7 0.196 1279 3000
7 0.197 1354 3000
7 0.198 1306 3000
7 0.199 1322 3000
7 0.2 1259 3000
15 0.01 3000 3000
15 0.011 3000 3000
15 0.012 3000 3000
15 0.013 3000 3000
15 0.014 3000 3000
15 0.015 3000 3000
15 0.016 3000 3000
15 0.017 3000 3000
15 0.018 3000 3000
15 0.019 3000 3000
15 0.02 3000 3000
15 0.021 3000 3000
15 0.022 3000 3000
15 0.023 3000 3000
15 0.024 3000 3000
15 0.025 3000 3000
15 0.026 3000 3000
15 0.027 3000 3000
15 0.028 3000 3000
15 0.029 3000 3000
15 0.03 3000 3000
15 0.031 3000 3000
15 0.032 3000 3000
15 0.033 3000 3000
15 0.034 3000 3000
15 0.035 3000 3000
15 0.036 2999 3000
15 0.037 3000 3000
15 0.038 3000 3000
15 0.039 3000 3000
15 0.04 3000 3000
15 0.041 3000 3000
15 0.042 3000 3000
15 0.043 2999 3000
15 0.044 3000 3000
15 0.045 3000 3000
15 0.046 3000 3000
15 0.047 3000 3000
15 0.048 2997 3000
15 0.049 2999 3000
15 0.05 2999 3000
15 0.051 2996 3000
15 0.052 2994 3000
15 0.053 2999 3000
15 0.054 2994 3000
15 0.055 2996 3000
15 0.056 2991 3000
15 0.057 2995 3000
15 0.058 2993 3000
15 0.059 2986 3000
15 0.06 2986 3000
15 0.061 2984 3000
15 0.062 2985 3000
15 0.063 2984 3000
15 0.064 2973 3000
15 0.065 2975 3000
15 0.066 2968 3000
15 0.067 2971 3000
15 0.068 2950 3000
15 0.069 2966 3000
15 0.07 2946 3000
15 0.071 2948 3000
15 0.072 2940 3000
15 0.073 2936 3000
15 0.074 2916 3000
15 0.075 2929 3000
15 0.076 2932 3000
15 0.077 2899 3000
15 0.078 2887 3000
15 0.079 2877 3000
15 0.08 2857 3000
15 0.081 2870 3000
15 0.082 2852 3000
15 0.083 2822 3000
15 0.084 2804 3000
15 0.085 2808 3000
15 0.086 2782 3000
15 0.087 2780 3000
15 0.088 2755 3000
15 0.089 2730 3000
15 0.09 2739 3000
15 0.091 2746 3000
15 0.092 2699 3000
15 0.093 2679 3000
15 0.094 2653 3000
15 0.095 2623 3000
15 0.096 2631 3000
15 0.097 2596 3000
15 0.098 2593 3000
15 0.099 2502 3000
15 0.1 2502 3000
15 0.101 2452 3000
15 0.102 2472 3000
15 0.103 2479 3000
15 0.104 2416 3000
15 0.105 2389 3000
15 0.106 2366 3000
15 0.107 2349 3000
15 0.108 2391 3000
15 0.109 2340 3000
15 0.11 2235 3000
15 0.111 2255 3000
15 0.112 2227 3000
15 0.113 2227 3000
15 0.114 2131 3000
15 0.115 2238 3000
15 0.116 2130 3000
15 0.117 2135 3000
15 0.118 2106 3000
15 0.119 2066 3000
15 0.12 2078 3000
15 0.121 2028 3000
15 0.122 2038 3000
15 0.123 2001 3000
15 0.124 1898 3000
15 0.125 1949 3000
15 0.126 1902 3000
15 0.127 1866 3000
15 0.128 1840 3000
15 0.129 1847 3000
15 0.13 1801 3000
15 0.131 1779 3000
15 0.132 1835 3000
15 0.133 1826 3000
15 0.134 1806 3000
15 0.135 1709 3000
15 0.136 1711 3000
15 0.137 1707 3000
15 0.138 1702 3000
15 0.139 1689 3000
15 0.14 1686 3000
15 0.141 1670 3000
15 0.142 1642 3000
15 0.143 1690 3000
15 0.144 1578 3000
15 0.145 1595 3000
15 0.146 1602 3000
15 0.147 1594 3000
15 0.148 1613 3000
15 0.149 1544 3000
15 0.15 1556 3000
15 0.151 1602 3000
15 0.152 1583 3000
15 0.153 1523 3000
15 0.154 1536 3000
15 0.155 1555 3000
15 0.156 1504 3000
15 0.157 1571 3000
15 0.158 1461 3000
15 0.159 1544 3000
15 0.16 1483 3000
15 0.161 1461 3000
15 0.162 1466 3000
15 0.163 1470 3000
15 0.164 1490 3000
15 0.165 1473 3000
15 0.166 1527 3000
15 0.167 1501 3000
15 0.168 1482 3000
15 0.169 1447 3000
15 0.17 1466 3000
15 0.171 1447 3000
15 0.172 1492 3000
15 0.173 1522 3000
15 0.174 1487 3000
15 0.175 1531 3000
15 0.176 1490 3000
15 0.177 1419 3000
15 0.178 1428 3000
15 0.179 1455 3000
15 0.18 1461 3000
15 0.181 1417 3000
15 0.182 1515 3000
15 0.183 1508 3000
15 0.184 1453 3000
15 0.185 1460 3000
15 0.186 1478 3000
15 0.187 1461 3000
15 0.188 1445 3000
15 0.189 1436 3000
15 0.19 1399 3000
15 0.191 1408 3000
15 0.192 1451 3000
15 0.193 1465 3000
15 0.194 1468 3000
15 0.195 1473 3000
15 0.196 1450 3000
15 0.197 1504 3000
15 0.198 1455 3000
15 0.199 1453 3000
15 0.2 1483 3000
3 0.01 7986 8000
3 0.011 7982 8000
3 0.012 7975 8000
3 0.013 7966 8000
3 0.014 7974 8000
3 0.015 7959 8000
3 0.016 7953 8000
3 0.017 7957 8000
3 0.018 7932 8000
3 0.019 7941 8000
3 0.02 7923 8000
3 0.021 7916 8000
3 0.022 7915 8000
3 0.023 7907 8000
3 0.024 7909 8000
3 0.025 7882 8000
3 0.026 7857 8000
3 0.027 7877 8000
3 0.028 7868 8000
3 0.029 7836 8000
3 0.03 7833 8000
3 0.031 7795 8000
3 0.032 7800 8000
3 0.033 7802 8000
3 0.034 7795 8000
3 0.035 7774 8000
3 0.036 7736 8000
3 0.037 7764 8000
3 0.038 7702 8000
3 0.039 7707 8000
3 0.04 7709 8000
3 0.041 7663 8000
3 0.042 7666 8000
3 0.043 7653 8000
3 0.044 7645 8000
3 0.045 7622 8000
3 0.046 7600 8000
3 0.047 7568 8000
3 0.048 7569 8000
3 0.049 7522 8000
3 0.05 7517 8000
3 0.051 7468 8000
3 0.052 7447 8000
3 0.053 7459 8000
3 0.054 7459 8000
3 0.055 7421 8000
3 0.056 7366 8000
3 0.057 7377 8000
3 0.058 7372 8000
3 0.059 7345 8000
3 0.06 7316 8000
3 0.061 7281 8000
3 0.062 7254 8000
3 0.063 7238 8000
3 0.064 7202 8000
3 0.065 7239 8000
3 0.066 7173 8000
3 0.067 7196 8000
3 0.068 7142 8000
3 0.069 7059 8000
3 0.07 7060 8000
3 0.071 7066 8000
3 0.072 7015 8000
3 0.073 7025 8000
3 0.074 6963 8000
3 0.075 6922 8000
3 0.076 6923 8000
3 0.077 6906 8000
3 0.078 6867 8000
3 0.079 6855 8000
3 0.08 6762 8000
3 0.081 6746 8000
3 0.082 6698 8000
3 0.083 6770 8000
3 0.084 6700 8000
3 0.085 6615 8000
3 0.086 6629 8000
3 0.087 6641 8000
3 0.088 6619 8000
3 0.089 6573 8000
3 0.09 6565 8000
3 0.091 6481 8000
3 0.092 6510 8000
3 0.093 6475 8000
3 0.094 6418 8000
3 0.095 6438 8000
3 0.096 6409 8000
3 0.097 6336 8000
3 0.098 6256 8000
3 0.099 6283 8000
3 0.1 6249 8000
3 0.101 6140 8000
3 0.102 6225 8000
3 0.103 6232 8000
3 0.104 6169 8000
3 0.105 6079 8000
3 0.106 6068 8000
3 0.107 6011 8000
3 0.108 5985 8000
3 0.109 6043 8000
3 0.11 5905 8000
3 0.111 5966 8000
3 0.112 5870 8000
3 0.113 5857 8000
3 0.114 5831 8000
3 0.115 5801 8000
3 0.116 5793 8000
3 0.117 5784 8000
3 0.118 5793 8000
3 0.119 5654 8000
3 0.12 5650 8000
3 0.121 5683 8000
3 0.122 5640 8000
3 0.123 5544 8000
3 0.124 5638 8000
3 0.125 5534 8000
3 0.126 5554 8000
3 0.127 5468 8000
3 0.128 5410 8000
3 0.129 5489 8000
3 0.13 5408 8000
3 0.131 5364 8000
3 0.132 5357 8000
3 0.133 5297 8000
3 0.134 5267 8000
3 0.135 5299 8000
3 0.136 5223 8000
3 0.137 5222 8000
3 0.138 5158 8000
3 0.139 5205 8000
3 0.14 5151 8000
3 0.141 5033 8000
3 0.142 5031 8000
3 0.143 5019 8000
3 0.144 4981 8000
3 0.145 5003 8000
3 0.146 5017 8000
3 0.147 4917 8000
3 0.148 4913 8000
3 0.149 4869 8000
3 0.15 4843 8000
3 0.151 4768 8000
3 0.152 4892 8000
3 0.153 4830 8000
3 0.154 4739 8000
3 0.155 4723 8000
3 0.156 4607 8000
3 0.157 4603 8000
3 0.158 4610 8000
3 0.159 4701 8000
3 0.16 4635 8000
3 0.161 4541 8000
3 0.162 4537 8000
3 0.163 4413 8000
3 0.164 4499 8000
3 0.165 4508 8000
3 0.166 4473 8000
3 0.167 4528 8000
3 0.168 4380 8000
3 0.169 4372 8000
3 0.17 4363 8000
3 0.171 4370 8000
3 0.172 4326 8000
3 0.173 4245 8000
3 0.174 4301 8000
3 0.175 4249 8000
3 0.176 4323 8000
3 0.177 4201 8000
3 0.178 4219 8000
3 0.179 4242 8000
3 0.18 4145 8000
3 0.181 4191 8000
3 0.182 4093 8000
3 0.183 4149 8000
3 0.184 4095 8000
3 0.185 3985 8000
3 0.186 4061 8000
3 0.187 4026 8000
3 0.188 3961 8000
3 0.189 3942 8000
3 0.19 3923 8000
3 0.191 3914 8000
3 0.192 3922 8000
3 0.193 3827 8000
3 0.194 3911 8000
3 0.195 3890 8000
3 0.196 3811 8000
3 0.197 3770 8000
3 0.198 3804 8000
3 0.199 3828 8000
3 0.2 3758 8000
