3 0.09 34158 42000
3 0.091 34162 42000
3 0.092 34229 42000
3 0.093 33784 42000
3 0.094 33778 42000
3 0.095 33447 42000
3 0.096 33349 42000
3 0.097 33318 42000
3 0.098 33302 42000
3 0.099 33041 42000
3 0.1 43084 55000
3 0.101 42802 55000
3 0.102 42532 55000
3 0.103 42402 55000
3 0.104 42375 55000
3 0.105 41913 55000
3 0.106 41786 55000
3 0.107 41598 55000
3 0.108 41530 55000
3 0.109 41112 55000
3 0.11 58172 78000
3 0.111 40835 55000
3 0.112 35367 48000
3 0.113 35015 48000
3 0.114 34938 48000
3 0.115 34958 48000
3 0.116 34833 48000
3 0.117 34608 48000
3 0.118 34363 48000
3 0.119 34066 48000
3 0.12 33985 48000
3 0.35 316 1000
3 0.351 337 1000
3 0.352 309 1000
3 0.353 317 1000
3 0.354 322 1000
3 0.355 326 1000
3 0.356 350 1000
3 0.357 317 1000
3 0.358 308 1000
3 0.359 336 1000
3 0.36 319 1000
3 0.361 338 1000
3 0.362 331 1000
3 0.363 345 1000
3 0.364 354 1000
3 0.365 315 1000
3 0.366 335 1000
3 0.367 360 1000
3 0.368 319 1000
3 0.369 365 1000
3 0.37 325 1000
3 0.371 333 1000
3 0.372 356 1000
3 0.373 325 1000
3 0.374 336 1000
3 0.375 332 1000
3 0.376 305 1000
3 0.377 331 1000
3 0.378 351 1000
3 0.379 342 1000
3 0.38 297 1000
3 0.381 343 1000
3 0.382 342 1000
3 0.383 335 1000
3 0.384 350 1000
3 0.385 328 1000
3 0.386 336 1000
3 0.387 369 1000
3 0.388 322 1000
3 0.389 324 1000
3 0.39 344 1000
3 0.391 325 1000
3 0.392 343 1000
3 0.393 322 1000
3 0.394 365 1000
3 0.395 343 1000
3 0.396 307 1000
3 0.397 345 1000
3 0.398 338 1000
3 0.399 321 1000
3 0.4 357 1000
3 0.401 350 1000
3 0.402 338 1000
3 0.403 322 1000
3 0.404 346 1000
3 0.405 345 1000
3 0.406 349 1000
3 0.407 325 1000
3 0.408 323 1000
3 0.409 351 1000
3 0.41 367 1000
3 0.411 318 1000
3 0.412 330 1000
3 0.413 326 1000
3 0.414 317 1000
3 0.415 332 1000
3 0.416 319 1000
3 0.417 339 1000
3 0.418 365 1000
3 0.419 324 1000
3 0.42 337 1000
3 0.421 342 1000
3 0.422 349 1000
3 0.423 313 1000
3 0.424 327 1000
3 0.425 344 1000
3 0.426 316 1000
3 0.427 337 1000
3 0.428 371 1000
3 0.429 332 1000
3 0.43 333 1000
3 0.431 330 1000
3 0.432 354 1000
3 0.433 336 1000
3 0.434 347 1000
3 0.435 321 1000
3 0.436 364 1000
3 0.437 325 1000
3 0.438 359 1000
3 0.439 335 1000
3 0.44 374 1000
3 0.441 340 1000
3 0.442 361 1000
3 0.443 338 1000
3 0.444 314 1000
3 0.445 351 1000
3 0.446 326 1000
3 0.447 305 1000
3 0.448 353 1000
3 0.449 333 1000
3 0.45 347 1000
3 0.451 359 1000
3 0.452 355 1000
3 0.453 372 1000
3 0.454 342 1000
3 0.455 358 1000
3 0.456 338 1000
3 0.457 365 1000
3 0.458 350 1000
3 0.459 363 1000
3 0.46 332 1000
3 0.461 345 1000
3 0.462 349 1000
3 0.463 353 1000
3 0.464 354 1000
3 0.465 328 1000
3 0.466 357 1000
3 0.467 354 1000
3 0.468 348 1000
3 0.469 347 1000
3 0.47 347 1000
3 0.471 347 1000
3 0.472 319 1000
3 0.473 345 1000
3 0.474 330 1000
3 0.475 332 1000
3 0.476 346 1000
3 0.477 338 1000
3 0.478 355 1000
3 0.479 344 1000
3 0.48 353 1000
3 0.481 360 1000
3 0.482 365 1000
3 0.483 361 1000
3 0.484 348 1000
3 0.485 367 1000
3 0.486 338 1000
3 0.487 355 1000
3 0.488 368 1000
3 0.489 348 1000
3 0.49 342 1000
3 0.491 356 1000
3 0.492 349 1000
3 0.493 392 1000
3 0.494 364 1000
3 0.495 370 1000
3 0.496 351 1000
3 0.497 361 1000
3 0.498 356 1000
3 0.499 361 1000
3 0.5 382 1000
3 0.501 380 1000
3 0.502 368 1000
3 0.503 358 1000
3 0.504 368 1000
3 0.505 357 1000
3 0.506 368 1000
3 0.507 362 1000
3 0.508 357 1000
3 0.509 370 1000
3 0.51 364 1000
3 0.511 355 1000
3 0.512 373 1000
3 0.513 365 1000
3 0.514 356 1000
3 0.515 362 1000
3 0.516 347 1000
3 0.517 387 1000
3 0.518 341 1000
3 0.519 386 1000
3 0.52 392 1000
3 0.521 366 1000
3 0.522 383 1000
3 0.523 357 1000
3 0.524 381 1000
3 0.525 370 1000
3 0.526 391 1000
3 0.527 368 1000
3 0.528 383 1000
3 0.529 341 1000
3 0.53 363 1000
3 0.531 386 1000
3 0.532 376 1000
3 0.533 388 1000
3 0.534 372 1000
3 0.535 399 1000
3 0.536 368 1000
3 0.537 392 1000
3 0.538 381 1000
3 0.539 374 1000
3 0.54 369 1000
3 0.541 393 1000
3 0.542 379 1000
3 0.543 369 1000
3 0.544 358 1000
3 0.545 374 1000
3 0.546 369 1000
3 0.547 375 1000
3 0.548 396 1000
3 0.549 400 1000
3 0.55 361 1000
3 0.551 402 1000
3 0.552 380 1000
3 0.553 396 1000
3 0.554 386 1000
3 0.555 383 1000
3 0.556 392 1000
3 0.557 398 1000
3 0.558 376 1000
3 0.559 379 1000
3 0.56 383 1000
3 0.561 375 1000
3 0.562 399 1000
3 0.563 379 1000
3 0.564 374 1000
3 0.565 362 1000
3 0.566 393 1000
3 0.567 392 1000
3 0.568 402 1000
3 0.569 366 1000
3 0.57 388 1000
3 0.571 392 1000
3 0.572 374 1000
3 0.573 382 1000
3 0.574 393 1000
3 0.575 393 1000
3 0.576 409 1000
3 0.577 388 1000
3 0.578 364 1000
3 0.579 402 1000
3 0.58 357 1000
3 0.581 397 1000
3 0.582 394 1000
3 0.583 398 1000
3 0.584 370 1000
3 0.585 418 1000
3 0.586 389 1000
3 0.587 360 1000
3 0.588 406 1000
3 0.589 414 1000
3 0.59 404 1000
3 0.591 412 1000
3 0.592 377 1000
3 0.593 397 1000
3 0.594 375 1000
3 0.595 389 1000
3 0.596 387 1000
3 0.597 407 1000
3 0.598 367 1000
3 0.599 416 1000
3 0.6 393 1000
3 0.601 385 1000
3 0.602 380 1000
3 0.603 409 1000
3 0.604 402 1000
3 0.605 380 1000
3 0.606 364 1000
3 0.607 439 1000
3 0.608 394 1000
3 0.609 401 1000
3 0.61 407 1000
3 0.611 395 1000
3 0.612 397 1000
3 0.613 378 1000
3 0.614 370 1000
3 0.615 405 1000
3 0.616 408 1000
3 0.617 392 1000
3 0.618 409 1000
3 0.619 370 1000
3 0.62 401 1000
3 0.621 404 1000
3 0.622 386 1000
3 0.623 408 1000
3 0.624 406 1000
3 0.625 396 1000
3 0.626 411 1000
3 0.627 397 1000
3 0.628 380 1000
3 0.629 408 1000
3 0.63 395 1000
3 0.631 421 1000
3 0.632 389 1000
3 0.633 377 1000
3 0.634 421 1000
3 0.635 402 1000
3 0.636 394 1000
3 0.637 380 1000
3 0.638 409 1000
3 0.639 411 1000
3 0.64 401 1000
3 0.641 394 1000
3 0.642 410 1000
3 0.643 397 1000
3 0.644 416 1000
3 0.645 405 1000
3 0.646 388 1000
3 0.647 405 1000
3 0.648 416 1000
3 0.649 403 1000
3 0.65 399 1000
3 0.651 372 1000
3 0.652 393 1000
3 0.653 412 1000
3 0.654 388 1000
3 0.655 407 1000
3 0.656 393 1000
3 0.657 381 1000
3 0.658 376 1000
3 0.659 430 1000
3 0.66 403 1000
3 0.661 393 1000
3 0.662 418 1000
3 0.663 384 1000
3 0.664 388 1000
3 0.665 413 1000
3 0.666 390 1000
3 0.667 439 1000
3 0.668 424 1000
3 0.669 432 1000
3 0.67 435 1000
3 0.671 402 1000
3 0.672 388 1000
3 0.673 401 1000
3 0.674 403 1000
3 0.675 406 1000
3 0.676 402 1000
3 0.677 375 1000
3 0.678 397 1000
3 0.679 424 1000
3 0.68 396 1000
3 0.681 401 1000
3 0.682 413 1000
3 0.683 440 1000
3 0.684 404 1000
3 0.685 408 1000
3 0.686 408 1000
3 0.687 422 1000
3 0.688 404 1000
3 0.689 424 1000
3 0.69 389 1000
3 0.691 401 1000
3 0.692 428 1000
3 0.693 426 1000
3 0.694 407 1000
3 0.695 377 1000
3 0.696 421 1000
3 0.697 408 1000
3 0.698 391 1000
3 0.699 400 1000
3 0.7 404 1000
3 0.701 392 1000
3 0.702 412 1000
3 0.703 400 1000
3 0.704 426 1000
3 0.705 400 1000
3 0.706 407 1000
3 0.707 382 1000
3 0.708 382 1000
3 0.709 392 1000
3 0.71 371 1000
3 0.711 393 1000
3 0.712 412 1000
3 0.713 396 1000
3 0.714 369 1000
3 0.715 386 1000
3 0.716 402 1000
3 0.717 400 1000
3 0.718 394 1000
3 0.719 394 1000
3 0.72 391 1000
3 0.721 385 1000
3 0.722 385 1000
3 0.723 366 1000
3 0.724 407 1000
3 0.725 393 1000
3 0.726 392 1000
3 0.727 412 1000
3 0.728 394 1000
3 0.729 389 1000
3 0.73 404 1000
3 0.731 388 1000
3 0.732 395 1000
3 0.733 392 1000
3 0.734 380 1000
3 0.735 400 1000
3 0.736 385 1000
3 0.737 374 1000
3 0.738 389 1000
3 0.739 384 1000
3 0.74 385 1000
3 0.741 349 1000
3 0.742 395 1000
3 0.743 367 1000
3 0.744 372 1000
3 0.745 368 1000
3 0.746 383 1000
3 0.747 356 1000
3 0.748 364 1000
3 0.749 373 1000
3 0.75 374 1000
3 0.751 386 1000
3 0.752 375 1000
3 0.753 339 1000
3 0.754 377 1000
3 0.755 385 1000
3 0.756 390 1000
3 0.757 359 1000
3 0.758 387 1000
3 0.759 375 1000
3 0.76 389 1000
3 0.761 377 1000
3 0.762 362 1000
3 0.763 345 1000
3 0.764 398 1000
3 0.765 361 1000
3 0.766 355 1000
3 0.767 340 1000
3 0.768 357 1000
3 0.769 349 1000
3 0.77 351 1000
3 0.771 374 1000
3 0.772 333 1000
3 0.773 362 1000
3 0.774 368 1000
3 0.775 337 1000
3 0.776 344 1000
3 0.777 354 1000
3 0.778 337 1000
3 0.779 327 1000
3 0.78 361 1000
3 0.781 356 1000
3 0.782 361 1000
3 0.783 307 1000
3 0.784 369 1000
3 0.785 339 1000
3 0.786 335 1000
3 0.787 343 1000
3 0.788 341 1000
3 0.789 328 1000
3 0.79 309 1000
3 0.791 343 1000
3 0.792 341 1000
3 0.793 327 1000
3 0.794 340 1000
3 0.795 342 1000
3 0.796 318 1000
3 0.797 309 1000
3 0.798 324 1000
3 0.799 305 1000
3 0.8 308 1000
3 0.801 318 1000
3 0.802 317 1000
3 0.803 321 1000
3 0.804 314 1000
3 0.805 297 1000
3 0.806 337 1000
3 0.807 301 1000
3 0.808 337 1000
3 0.809 291 1000
3 0.81 304 1000
3 0.811 295 1000
3 0.812 297 1000
3 0.813 298 1000
3 0.814 297 1000
3 0.815 311 1000
3 0.816 301 1000
3 0.817 311 1000
3 0.818 293 1000
3 0.819 271 1000
3 0.82 301 1000
3 0.821 276 1000
3 0.822 317 1000
3 0.823 313 1000
3 0.824 290 1000
3 0.825 285 1000
3 0.826 278 1000
3 0.827 273 1000
3 0.828 292 1000
3 0.829 272 1000
3 0.83 263 1000
3 0.831 298 1000
3 0.832 272 1000
3 0.833 283 1000
3 0.834 261 1000
3 0.835 271 1000
3 0.836 243 1000
3 0.837 256 1000
3 0.838 244 1000
3 0.839 272 1000
3 0.84 268 1000
3 0.841 248 1000
3 0.842 236 1000
3 0.843 241 1000
3 0.844 247 1000
3 0.845 242 1000
3 0.846 255 1000
3 0.847 230 1000
3 0.848 247 1000
3 0.849 220 1000
3 0.85 253 1000
3 0.851 232 1000
3 0.852 230 1000
3 0.853 216 1000
3 0.854 227 1000
3 0.855 230 1000
3 0.856 223 1000
3 0.857 210 1000
3 0.858 206 1000
3 0.859 204 1000
3 0.86 217 1000
3 0.861 208 1000
3 0.862 217 1000
3 0.863 208 1000
3 0.864 191 1000
3 0.865 215 1000
3 0.866 200 1000
3 0.867 205 1000
3 0.868 213 1000
3 0.869 207 1000
3 0.87 180 1000
3 0.871 202 1000
3 0.872 175 1000
3 0.873 170 1000
3 0.874 206 1000
3 0.875 183 1000
3 0.876 174 1000
3 0.877 175 1000
3 0.878 189 1000
3 0.879 158 1000
3 0.88 155 1000
3 0.881 173 1000
3 0.882 186 1000
3 0.883 151 1000
3 0.884 168 1000
3 0.885 176 1000
3 0.886 135 1000
3 0.887 171 1000
3 0.888 167 1000
3 0.889 153 1000
3 0.89 161 1000
3 0.891 168 1000
3 0.892 149 1000
3 0.893 143 1000
3 0.894 131 1000
3 0.895 132 1000
3 0.896 113 1000
3 0.897 117 1000
3 0.898 117 1000
3 0.899 107 1000
3 0.9 140 1000
3 0.121 32547 46000
3 0.122 32295 46000
3 0.123 32285 46000
3 0.124 32085 46000
3 0.125 31799 46000
3 0.126 31517 46000
3 0.127 31508 46000
3 0.128 31171 46000
3 0.129 31204 46000
3 0.13 30978 46000
3 0.131 30913 46000
3 0.132 30791 46000
3 0.133 30474 46000
3 0.134 30420 46000
3 0.135 30257 46000
3 0.136 30117 46000
3 0.137 29826 46000
3 0.138 29852 46000
3 0.139 29582 46000
3 0.14 29259 46000
3 0.141 29349 46000
3 0.142 29215 46000
3 0.143 28848 46000
3 0.144 28824 46000
3 0.145 28735 46000
3 0.146 28594 46000
3 0.147 28377 46000
3 0.148 28310 46000
3 0.149 28269 46000
3 0.15 27897 46000
3 0.151 27665 46000
3 0.152 27415 46000
3 0.153 27307 46000
3 0.154 27299 46000
3 0.155 26950 46000
3 0.156 26924 46000
3 0.157 27102 46000
3 0.158 27011 46000
3 0.159 26747 46000
3 0.16 27250 47000
3 0.161 26107 46000
3 0.162 26093 46000
3 0.163 25894 46000
3 0.164 25713 46000
3 0.165 25787 46000
3 0.166 25500 46000
3 0.167 36702 66000
3 0.168 25470 46000
3 0.169 25179 46000
3 0.17 25047 46000
3 0.171 25020 46000
3 0.172 24865 46000
3 0.173 24766 46000
3 0.174 24641 46000
3 0.175 24501 46000
3 0.176 24461 46000
3 0.177 24257 46000
3 0.178 24151 46000
3 0.179 24058 46000
3 0.18 23961 46000
3 0.181 21096 41000
3 0.182 21103 41000
3 0.183 20945 41000
3 0.184 20824 41000
3 0.185 20806 41000
3 0.186 20707 41000
3 0.187 20570 41000
3 0.188 20271 41000
3 0.189 20358 41000
3 0.19 20178 41000
3 0.191 20201 41000
3 0.192 20329 41000
3 0.193 19925 41000
3 0.194 19806 41000
3 0.195 19787 41000
3 0.196 19826 41000
3 0.197 19610 41000
3 0.198 19424 41000
3 0.199 19418 41000
3 0.2 19391 41000
3 0.01 42905 43000
3 0.06 37443 41000
3 0.21 16148 36000
3 0.26 4446 12000
3 0.011 39909 40000
3 0.012 39903 40000
3 0.013 39864 40000
3 0.014 39821 40000
3 0.015 39807 40000
3 0.016 39774 40000
3 0.017 39771 40000
3 0.018 39726 40000
3 0.019 39697 40000
3 0.02 39663 40000
3 0.021 39594 40000
3 0.022 39608 40000
3 0.023 39531 40000
3 0.024 39456 40000
3 0.025 39395 40000
3 0.026 39362 40000
3 0.027 39321 40000
3 0.028 39269 40000
3 0.029 39231 40000
3 0.03 39137 40000
3 0.031 39120 40000
3 0.032 39131 40000
3 0.033 38965 40000
3 0.034 38920 40000
3 0.035 38906 40000
3 0.036 38778 40000
3 0.037 38655 40000
3 0.038 38639 40000
3 0.039 38588 40000
3 0.04 38552 40000
3 0.041 38413 40000
3 0.042 38249 40000
3 0.043 38274 40000
3 0.044 38191 40000
3 0.045 38071 40000
3 0.046 37951 40000
3 0.047 37886 40000
3 0.048 37826 40000
3 0.049 37702 40000
3 0.05 37569 40000
3 0.051 37498 40000
3 0.052 37387 40000
3 0.053 37321 40000
3 0.054 37174 40000
3 0.055 36967 40000
3 0.056 37029 40000
3 0.057 36816 40000
3 0.058 36740 40000
3 0.059 36666 40000
3 0.061 36503 40000
3 0.062 36375 40000
3 0.063 36206 40000
3 0.064 36106 40000
3 0.065 35966 40000
3 0.066 35895 40000
3 0.067 35793 40000
3 0.068 35630 40000
3 0.069 35425 40000
3 0.07 35437 40000
3 0.071 35180 40000
3 0.072 35241 40000
3 0.073 34894 40000
3 0.074 34815 40000
3 0.075 34708 40000
3 0.076 34595 40000
3 0.077 34440 40000
3 0.078 34362 40000
3 0.079 34144 40000
3 0.08 34193 40000
3 0.081 33867 40000
3 0.082 33845 40000
3 0.083 33607 40000
3 0.084 33453 40000
3 0.085 33391 40000
3 0.086 33248 40000
3 0.087 33159 40000
3 0.088 32884 40000
3 0.089 32829 40000
3 0.201 15543 33000
3 0.202 15362 33000
3 0.203 15260 33000
3 0.204 15326 33000
3 0.205 15125 33000
3 0.206 15121 33000
3 0.207 15125 33000
3 0.208 15055 33000
3 0.209 14940 33000
3 0.211 14769 33000
3 0.212 14743 33000
3 0.213 14690 33000
3 0.214 14566 33000
3 0.215 14704 33000
3 0.216 14594 33000
3 0.217 14475 33000
3 0.218 14265 33000
3 0.219 14477 33000
3 0.22 14344 33000
3 0.221 13965 33000
3 0.222 14047 33000
3 0.223 14043 33000
3 0.224 13986 33000
3 0.225 13915 33000
3 0.226 13920 33000
3 0.227 13784 33000
3 0.228 13887 33000
3 0.229 13900 33000
3 0.23 13574 33000
3 0.231 13616 33000
3 0.232 13601 33000
3 0.233 13436 33000
3 0.234 13556 33000
3 0.235 13400 33000
3 0.236 13385 33000
3 0.237 13300 33000
3 0.238 13270 33000
3 0.239 13114 33000
3 0.24 13074 33000
3 0.241 13217 33000
3 0.242 13036 33000
3 0.243 13065 33000
3 0.244 12934 33000
3 0.245 13003 33000
3 0.246 13075 33000
3 0.247 12744 33000
3 0.248 12911 33000
3 0.249 12832 33000
3 0.25 12784 33000
3 0.251 4255 11000
3 0.252 4095 11000
3 0.253 4170 11000
3 0.254 4211 11000
3 0.255 4089 11000
3 0.256 4217 11000
3 0.257 4139 11000
3 0.258 4131 11000
3 0.259 4103 11000
3 0.261 4016 11000
3 0.262 4045 11000
3 0.263 4086 11000
3 0.264 4122 11000
3 0.265 4139 11000
3 0.266 4144 11000
3 0.267 4035 11000
3 0.268 4056 11000
3 0.269 4020 11000
3 0.27 4052 11000
3 0.271 4077 11000
3 0.272 3907 11000
3 0.273 3982 11000
3 0.274 3904 11000
3 0.275 3896 11000
3 0.276 3957 11000
3 0.277 4059 11000
3 0.278 3928 11000
3 0.279 3945 11000
3 0.28 3967 11000
3 0.281 3892 11000
3 0.282 3891 11000
3 0.283 3898 11000
3 0.284 3954 11000
3 0.285 3898 11000
3 0.286 3935 11000
3 0.287 3984 11000
3 0.288 3874 11000
3 0.289 3924 11000
3 0.29 3889 11000
3 0.291 3866 11000
3 0.292 3812 11000
3 0.293 3804 11000
3 0.294 3814 11000
3 0.295 3891 11000
3 0.296 3861 11000
3 0.297 3859 11000
3 0.298 3786 11000
3 0.299 3703 11000
3 0.3 3785 11000
5 0.01 36992 37000
5 0.011 36993 37000
5 0.012 36988 37000
5 0.013 36989 37000
5 0.014 36984 37000
5 0.015 36981 37000
5 0.016 36975 37000
5 0.017 36967 37000
5 0.018 36949 37000
5 0.019 36953 37000
5 0.02 36966 37000
5 0.021 36943 37000
5 0.022 36927 37000
5 0.023 36923 37000
5 0.024 36893 37000
5 0.025 36895 37000
5 0.026 36871 37000
5 0.027 36872 37000
5 0.028 36855 37000
5 0.029 36833 37000
5 0.03 36792 37000
5 0.031 36794 37000
5 0.032 36769 37000
5 0.033 36730 37000
5 0.034 36659 37000
5 0.035 36652 37000
5 0.036 36618 37000
5 0.037 36602 37000
5 0.038 36565 37000
5 0.039 36524 37000
5 0.04 36467 37000
5 0.041 36419 37000
5 0.042 36386 37000
5 0.043 36340 37000
5 0.044 36275 37000
5 0.045 36245 37000
5 0.046 36138 37000
5 0.047 36076 37000
5 0.048 36025 37000
5 0.049 35921 37000
5 0.05 35870 37000
5 0.051 35860 37000
5 0.052 35767 37000
5 0.053 35735 37000
5 0.054 35545 37000
5 0.055 35550 37000
5 0.056 35439 37000
5 0.057 35281 37000
5 0.058 35197 37000
5 0.059 35152 37000
5 0.06 35059 37000
5 0.061 34935 37000
5 0.062 34851 37000
5 0.063 34786 37000
5 0.064 34552 37000
5 0.065 34565 37000
5 0.066 34522 37000
5 0.067 34321 37000
5 0.068 34156 37000
5 0.069 34123 37000
5 0.07 33969 37000
5 0.071 33833 37000
5 0.072 33578 37000
5 0.073 33630 37000
5 0.074 33456 37000
5 0.075 33152 37000
5 0.076 33107 37000
5 0.077 32939 37000
5 0.078 32728 37000
5 0.079 32684 37000
5 0.08 32626 37000
5 0.081 32304 37000
5 0.082 32231 37000
5 0.083 32163 37000
5 0.084 31907 37000
5 0.085 31651 37000
5 0.086 31534 37000
5 0.087 31445 37000
5 0.088 31249 37000
5 0.089 31032 37000
5 0.09 31047 37000
5 0.091 30808 37000
5 0.092 30597 37000
5 0.093 30439 37000
5 0.094 30272 37000
5 0.095 30041 37000
5 0.096 29868 37000
5 0.097 29592 37000
5 0.098 29524 37000
5 0.099 29425 37000
5 0.1 29260 37000
5 0.101 29046 37000
5 0.102 28897 37000
5 0.103 28686 37000
5 0.104 28491 37000
5 0.105 28156 37000
5 0.106 28066 37000
5 0.107 27800 37000
5 0.108 27838 37000
5 0.109 27722 37000
5 0.11 27367 37000
5 0.111 27275 37000
5 0.112 27083 37000
5 0.113 26860 37000
5 0.114 26658 37000
5 0.115 26571 37000
5 0.116 26344 37000
5 0.117 26107 37000
5 0.118 25960 37000
5 0.119 25871 37000
5 0.12 25654 37000
5 0.121 25402 37000
5 0.122 25066 37000
5 0.123 24970 37000
5 0.124 24840 37000
5 0.125 24686 37000
5 0.126 24562 37000
5 0.127 24361 37000
5 0.128 24114 37000
5 0.129 24114 37000
5 0.13 23756 37000
5 0.131 23678 37000
5 0.132 23451 37000
5 0.133 23455 37000
5 0.134 23214 37000
5 0.135 22972 37000
5 0.136 22910 37000
5 0.137 22968 37000
5 0.138 22634 37000
5 0.139 22442 37000
5 0.14 22271 37000
5 0.141 22092 37000
5 0.142 22083 37000
5 0.143 21870 37000
5 0.144 21564 37000
5 0.145 21530 37000
5 0.146 21419 37000
5 0.147 21390 37000
5 0.148 21039 37000
5 0.149 20857 37000
5 0.15 20784 37000
5 0.151 20696 37000
5 0.152 20616 37000
5 0.153 20289 37000
5 0.154 20206 37000
5 0.155 20203 37000
5 0.156 19911 37000
5 0.157 19682 37000
5 0.158 19717 37000
5 0.159 19687 37000
5 0.16 19402 37000
5 0.161 19262 37000
5 0.162 19017 37000
5 0.163 19231 37000
5 0.164 19100 37000
5 0.165 18889 37000
5 0.166 18739 37000
5 0.167 18824 37000
5 0.168 18482 37000
5 0.169 18565 37000
5 0.17 18303 37000
5 0.171 18387 37000
5 0.172 18017 37000
5 0.173 18086 37000
5 0.174 17801 37000
5 0.175 17923 37000
5 0.176 17626 37000
5 0.177 17572 37000
5 0.178 17484 37000
5 0.179 17365 37000
5 0.18 17330 37000
5 0.181 17136 37000
5 0.182 17158 37000
5 0.183 17031 37000
5 0.184 17026 37000
5 0.185 16852 37000
5 0.186 16630 37000
5 0.187 16773 37000
5 0.188 16536 37000
5 0.189 16587 37000
5 0.19 16491 37000
5 0.191 16494 37000
5 0.192 16389 37000
5 0.193 16266 37000
5 0.194 16140 37000
5 0.195 16138 37000
5 0.196 16031 37000
5 0.197 16013 37000
5 0.198 16034 37000
5 0.199 15973 37000
5 0.2 15966 37000
5 0.201 865 2000
5 0.202 862 2000
5 0.203 816 2000
5 0.204 855 2000
5 0.205 850 2000
5 0.206 838 2000
5 0.207 852 2000
5 0.208 859 2000
5 0.209 798 2000
5 0.21 823 2000
5 0.211 820 2000
5 0.212 835 2000
5 0.213 861 2000
5 0.214 810 2000
5 0.215 788 2000
5 0.216 764 2000
5 0.217 811 2000
5 0.218 786 2000
5 0.219 808 2000
5 0.22 788 2000
5 0.221 787 2000
5 0.222 805 2000
5 0.223 807 2000
5 0.224 756 2000
5 0.225 806 2000
5 0.226 835 2000
5 0.227 789 2000
5 0.228 780 2000
5 0.229 807 2000
5 0.23 800 2000
5 0.231 777 2000
5 0.232 846 2000
5 0.233 793 2000
5 0.234 764 2000
5 0.235 771 2000
5 0.236 795 2000
5 0.237 798 2000
5 0.238 741 2000
5 0.239 794 2000
5 0.24 799 2000
5 0.241 817 2000
5 0.242 776 2000
5 0.243 728 2000
5 0.244 769 2000
5 0.245 781 2000
5 0.246 817 2000
5 0.247 733 2000
5 0.248 783 2000
5 0.249 802 2000
5 0.25 790 2000
7 0.01 1000 1000
7 0.011 1000 1000
7 0.012 1000 1000
7 0.013 1000 1000
7 0.014 1000 1000
7 0.015 1000 1000
7 0.016 1000 1000
7 0.017 1000 1000
7 0.018 999 1000
7 0.019 1000 1000
7 0.02 1000 1000
7 0.021 998 1000
7 0.022 1000 1000
7 0.023 999 1000
7 0.024 1000 1000
7 0.025 1000 1000
7 0.026 998 1000
7 0.027 998 1000
7 0.028 998 1000
7 0.029 998 1000
7 0.03 998 1000
7 0.031 996 1000
7 0.032 997 1000
7 0.033 995 1000
7 0.034 998 1000
7 0.035 999 1000
7 0.036 997 1000
7 0.037 999 1000
7 0.038 995 1000
7 0.039 995 1000
7 0.04 995 1000
7 0.041 994 1000
7 0.042 996 1000
7 0.043 989 1000
7 0.044 988 1000
7 0.045 982 1000
7 0.046 993 1000
7 0.047 989 1000
7 0.048 992 1000
7 0.049 992 1000
7 0.05 987 1000
7 0.051 987 1000
7 0.052 982 1000
7 0.053 987 1000
7 0.054 988 1000
7 0.055 973 1000
7 0.056 972 1000
7 0.057 981 1000
7 0.058 966 1000
7 0.059 968 1000
7 0.06 967 1000
7 0.061 965 1000
7 0.062 965 1000
7 0.063 964 1000
7 0.064 963 1000
7 0.065 955 1000
7 0.066 954 1000
7 0.067 957 1000
7 0.068 942 1000
7 0.069 950 1000
7 0.07 933 1000
7 0.071 940 1000
7 0.072 924 1000
7 0.073 924 1000
7 0.074 935 1000
7 0.075 905 1000
7 0.076 918 1000
7 0.077 911 1000
7 0.078 908 1000
7 0.079 923 1000
7 0.08 884 1000
7 0.081 897 1000
7 0.082 899 1000
7 0.083 892 1000
7 0.084 886 1000
7 0.085 870 1000
7 0.086 876 1000
7 0.087 844 1000
7 0.088 873 1000
7 0.089 868 1000
7 0.09 873 1000
7 0.091 849 1000
7 0.092 853 1000
7 0.093 833 1000
7 0.094 843 1000
7 0.095 837 1000
7 0.096 821 1000
7 0.097 829 1000
7 0.098 811 1000
7 0.099 795 1000
7 0.1 837 1000
7 0.101 782 1000
7 0.102 778 1000
7 0.103 780 1000
7 0.104 760 1000
7 0.105 759 1000
7 0.106 773 1000
7 0.107 768 1000
7 0.108 749 1000
7 0.109 736 1000
7 0.11 727 1000
7 0.111 732 1000
7 0.112 737 1000
7 0.113 745 1000
7 0.114 691 1000
7 0.115 714 1000
7 0.116 727 1000
7 0.117 718 1000
7 0.118 688 1000
7 0.119 673 1000
7 0.12 725 1000
7 0.121 706 1000
7 0.122 686 1000
7 0.123 694 1000
7 0.124 658 1000
7 0.125 663 1000
7 0.126 660 1000
7 0.127 646 1000
7 0.128 636 1000
7 0.129 616 1000
7 0.13 625 1000
7 0.131 624 1000
7 0.132 621 1000
7 0.133 575 1000
7 0.134 631 1000
7 0.135 601 1000
7 0.136 606 1000
7 0.137 610 1000
7 0.138 601 1000
7 0.139 571 1000
7 0.14 595 1000
7 0.141 577 1000
7 0.142 604 1000
7 0.143 550 1000
7 0.144 572 1000
7 0.145 564 1000
7 0.146 543 1000
7 0.147 561 1000
7 0.148 565 1000
7 0.149 538 1000
7 0.15 527 1000
7 0.151 532 1000
7 0.152 551 1000
7 0.153 538 1000
7 0.154 504 1000
7 0.155 540 1000
7 0.156 518 1000
7 0.157 538 1000
7 0.158 538 1000
7 0.159 506 1000
7 0.16 492 1000
7 0.161 497 1000
7 0.162 482 1000
7 0.163 496 1000
7 0.164 508 1000
7 0.165 494 1000
7 0.166 477 1000
7 0.167 460 1000
7 0.168 502 1000
7 0.169 462 1000
7 0.17 486 1000
7 0.171 487 1000
7 0.172 467 1000
7 0.173 473 1000
7 0.174 465 1000
7 0.175 498 1000
7 0.176 449 1000
7 0.177 487 1000
7 0.178 489 1000
7 0.179 452 1000
7 0.18 470 1000
7 0.181 458 1000
7 0.182 418 1000
7 0.183 478 1000
7 0.184 450 1000
7 0.185 458 1000
7 0.186 452 1000
7 0.187 440 1000
7 0.188 460 1000
7 0.189 447 1000
7 0.19 458 1000
7 0.191 420 1000
7 0.192 430 1000
7 0.193 462 1000
7 0.194 454 1000
7 0.195 462 1000
7 0.196 420 1000
7 0.197 421 1000
7 0.198 437 1000
7 0.199 446 1000
7 0.2 419 1000
15 0.01 1000 1000
15 0.011 1000 1000
15 0.012 1000 1000
15 0.013 1000 1000
15 0.014 1000 1000
15 0.015 1000 1000
15 0.016 1000 1000
15 0.017 1000 1000
15 0.018 1000 1000
15 0.019 1000 1000
15 0.02 1000 1000
15 0.021 1000 1000
15 0.022 1000 1000
15 0.023 1000 1000
15 0.024 1000 1000
15 0.025 1000 1000
15 0.026 1000 1000
15 0.027 1000 1000
15 0.028 1000 1000
15 0.029 1000 1000
15 0.03 1000 1000
15 0.031 1000 1000
15 0.032 1000 1000
15 0.033 1000 1000
15 0.034 1000 1000
15 0.035 1000 1000
15 0.036 1000 1000
15 0.037 1000 1000
15 0.038 1000 1000
15 0.039 1000 1000
15 0.04 1000 1000
15 0.041 1000 1000
15 0.042 1000 1000
15 0.043 1000 1000
15 0.044 1000 1000
15 0.045 1000 1000
15 0.046 1000 1000
15 0.047 1000 1000
15 0.048 999 1000
15 0.049 1000 1000
15 0.05 1000 1000
15 0.051 999 1000
15 0.052 999 1000
15 0.053 999 1000
15 0.054 996 1000
15 0.055 997 1000
15 0.056 998 1000
15 0.057 998 1000
15 0.058 1000 1000
15 0.059 997 1000
15 0.06 998 1000
15 0.061 994 1000
15 0.062 996 1000
15 0.063 992 1000
15 0.064 991 1000
15 0.065 988 1000
15 0.066 993 1000
15 0.067 993 1000
15 0.068 987 1000
15 0.069 987 1000
15 0.07 985 1000
15 0.071 986 1000
15 0.072 987 1000
15 0.073 984 1000
15 0.074 976 1000
15 0.075 977 1000
15 0.076 979 1000
15 0.077 963 1000
15 0.078 969 1000
15 0.079 955 1000
15 0.08 954 1000
15 0.081 957 1000
15 0.082 951 1000
15 0.083 931 1000
15 0.084 935 1000
15 0.085 934 1000
15 0.086 922 1000
15 0.087 924 1000
15 0.088 912 1000
15 0.089 910 1000
15 0.09 904 1000
15 0.091 916 1000
15 0.092 908 1000
15 0.093 877 1000
15 0.094 892 1000
15 0.095 874 1000
15 0.096 883 1000
15 0.097 865 1000
15 0.098 877 1000
15 0.099 829 1000
15 0.1 857 1000
15 0.101 839 1000
15 0.102 844 1000
15 0.103 840 1000
15 0.104 795 1000
15 0.105 808 1000
15 0.106 794 1000
15 0.107 784 1000
15 0.108 794 1000
15 0.109 775 1000
15 0.11 762 1000
15 0.111 749 1000
15 0.112 742 1000
15 0.113 743 1000
15 0.114 710 1000
15 0.115 725 1000
15 0.116 713 1000
15 0.117 715 1000
15 0.118 716 1000
15 0.119 676 1000
15 0.12 691 1000
15 0.121 698 1000
15 0.122 683 1000
15 0.123 678 1000
15 0.124 609 1000
15 0.125 620 1000
15 0.126 646 1000
15 0.127 639 1000
15 0.128 593 1000
15 0.129 588 1000
15 0.13 593 1000
15 0.131 599 1000
15 0.132 595 1000
15 0.133 593 1000
15 0.134 613 1000
15 0.135 570 1000
15 0.136 579 1000
15 0.137 570 1000
15 0.138 561 1000
15 0.139 568 1000
15 0.14 559 1000
15 0.141 562 1000
15 0.142 556 1000
15 0.143 572 1000
15 0.144 529 1000
15 0.145 557 1000
15 0.146 542 1000
15 0.147 519 1000
15 0.148 532 1000
15 0.149 531 1000
15 0.15 510 1000
15 0.151 538 1000
15 0.152 532 1000
15 0.153 506 1000
15 0.154 497 1000
15 0.155 490 1000
15 0.156 503 1000
15 0.157 531 1000
15 0.158 490 1000
15 0.159 531 1000
15 0.16 513 1000
15 0.161 513 1000
15 0.162 482 1000
15 0.163 483 1000
15 0.164 465 1000
15 0.165 476 1000
15 0.166 503 1000
15 0.167 511 1000
15 0.168 484 1000
15 0.169 505 1000
15 0.17 482 1000
15 0.171 485 1000
15 0.172 478 1000
15 0.173 522 1000
15 0.174 503 1000
15 0.175 510 1000
15 0.176 500 1000
15 0.177 462 1000
15 0.178 461 1000
15 0.179 481 1000
15 0.18 475 1000
15 0.181 472 1000
15 0.182 521 1000
15 0.183 497 1000
15 0.184 484 1000
15 0.185 471 1000
15 0.186 499 1000
15 0.187 500 1000
15 0.188 479 1000
15 0.189 487 1000
15 0.19 478 1000
15 0.191 483 1000
15 0.192 495 1000
15 0.193 494 1000
15 0.194 482 1000
15 0.195 498 1000
15 0.196 460 1000
15 0.197 499 1000
15 0.198 487 1000
15 0.199 475 1000
15 0.2 521 1000
