3 0.09 22025 27000
3 0.091 21935 27000
3 0.092 21991 27000
3 0.093 21678 27000
3 0.094 21752 27000
3 0.095 21467 27000
3 0.096 21414 27000
3 0.097 21463 27000
3 0.098 21401 27000
3 0.099 21242 27000
3 0.1 31323 40000
3 0.101 31200 40000
3 0.102 30928 40000
3 0.103 30852 40000
3 0.104 30778 40000
3 0.105 30483 40000
3 0.106 30430 40000
3 0.107 30273 40000
3 0.108 30129 40000
3 0.109 29928 40000
3 0.11 45430 61000
3 0.111 29712 40000
3 0.112 24289 33000
3 0.113 24013 33000
3 0.114 24098 33000
3 0.115 23963 33000
3 0.116 24047 33000
3 0.117 23797 33000
3 0.118 23545 33000
3 0.119 23522 33000
3 0.12 23338 33000
3 0.35 316 1000
3 0.351 337 1000
3 0.352 309 1000
3 0.353 317 1000
3 0.354 322 1000
3 0.355 326 1000
3 0.356 350 1000
3 0.357 317 1000
3 0.358 308 1000
3 0.359 336 1000
3 0.36 319 1000
3 0.361 338 1000
3 0.362 331 1000
3 0.363 345 1000
3 0.364 354 1000
3 0.365 315 1000
3 0.366 335 1000
3 0.367 360 1000
3 0.368 319 1000
3 0.369 365 1000
3 0.37 325 1000
3 0.371 333 1000
3 0.372 356 1000
3 0.373 325 1000
3 0.374 336 1000
3 0.375 332 1000
3 0.376 305 1000
3 0.377 331 1000
3 0.378 351 1000
3 0.379 342 1000
3 0.38 297 1000
3 0.381 343 1000
3 0.382 342 1000
3 0.383 335 1000
3 0.384 350 1000
3 0.385 328 1000
3 0.386 336 1000
3 0.387 369 1000
3 0.388 322 1000
3 0.389 324 1000
3 0.39 344 1000
3 0.391 325 1000
3 0.392 343 1000
3 0.393 322 1000
3 0.394 365 1000
3 0.395 343 1000
3 0.396 307 1000
3 0.397 345 1000
3 0.398 338 1000
3 0.399 321 1000
3 0.4 357 1000
3 0.401 350 1000
3 0.402 338 1000
3 0.403 322 1000
3 0.404 346 1000
3 0.405 345 1000
3 0.406 349 1000
3 0.407 325 1000
3 0.408 323 1000
3 0.409 351 1000
3 0.41 367 1000
3 0.411 318 1000
3 0.412 330 1000
3 0.413 326 1000
3 0.414 317 1000
3 0.415 332 1000
3 0.416 319 1000
3 0.417 339 1000
3 0.418 365 1000
3 0.419 324 1000
3 0.42 337 1000
3 0.421 342 1000
3 0.422 349 1000
3 0.423 313 1000
3 0.424 327 1000
3 0.425 344 1000
3 0.426 316 1000
3 0.427 337 1000
3 0.428 371 1000
3 0.429 332 1000
3 0.43 333 1000
3 0.431 330 1000
3 0.432 354 1000
3 0.433 336 1000
3 0.434 347 1000
3 0.435 321 1000
3 0.436 364 1000
3 0.437 325 1000
3 0.438 359 1000
3 0.439 335 1000
3 0.44 374 1000
3 0.441 340 1000
3 0.442 361 1000
3 0.443 338 1000
3 0.444 314 1000
3 0.445 351 1000
3 0.446 326 1000
3 0.447 305 1000
3 0.448 353 1000
3 0.449 333 1000
3 0.45 347 1000
3 0.451 359 1000
3 0.452 355 1000
3 0.453 372 1000
3 0.454 342 1000
3 0.455 358 1000
3 0.456 338 1000
3 0.457 365 1000
3 0.458 350 1000
3 0.459 363 1000
3 0.46 332 1000
3 0.461 345 1000
3 0.462 349 1000
3 0.463 353 1000
3 0.464 354 1000
3 0.465 328 1000
3 0.466 357 1000
3 0.467 354 1000
3 0.468 348 1000
3 0.469 347 1000
3 0.47 347 1000
3 0.471 347 1000
3 0.472 319 1000
3 0.473 345 1000
3 0.474 330 1000
3 0.475 332 1000
3 0.476 346 1000
3 0.477 338 1000
3 0.478 355 1000
3 0.479 344 1000
3 0.48 353 1000
3 0.481 360 1000
3 0.482 365 1000
3 0.483 361 1000
3 0.484 348 1000
3 0.485 367 1000
3 0.486 338 1000
3 0.487 355 1000
3 0.488 368 1000
3 0.489 348 1000
3 0.49 342 1000
3 0.491 356 1000
3 0.492 349 1000
3 0.493 392 1000
3 0.494 364 1000
3 0.495 370 1000
3 0.496 351 1000
3 0.497 361 1000
3 0.498 356 1000
3 0.499 361 1000
3 0.5 382 1000
3 0.501 380 1000
3 0.502 368 1000
3 0.503 358 1000
3 0.504 368 1000
3 0.505 357 1000
3 0.506 368 1000
3 0.507 362 1000
3 0.508 357 1000
3 0.509 370 1000
3 0.51 364 1000
3 0.511 355 1000
3 0.512 373 1000
3 0.513 365 1000
3 0.514 356 1000
3 0.515 362 1000
3 0.516 347 1000
3 0.517 387 1000
3 0.518 341 1000
3 0.519 386 1000
3 0.52 392 1000
3 0.521 366 1000
3 0.522 383 1000
3 0.523 357 1000
3 0.524 381 1000
3 0.525 370 1000
3 0.526 391 1000
3 0.527 368 1000
3 0.528 383 1000
3 0.529 341 1000
3 0.53 363 1000
3 0.531 386 1000
3 0.532 376 1000
3 0.533 388 1000
3 0.534 372 1000
3 0.535 399 1000
3 0.536 368 1000
3 0.537 392 1000
3 0.538 381 1000
3 0.539 374 1000
3 0.54 369 1000
3 0.541 393 1000
3 0.542 379 1000
3 0.543 369 1000
3 0.544 358 1000
3 0.545 374 1000
3 0.546 369 1000
3 0.547 375 1000
3 0.548 396 1000
3 0.549 400 1000
3 0.55 361 1000
3 0.551 402 1000
3 0.552 380 1000
3 0.553 396 1000
3 0.554 386 1000
3 0.555 383 1000
3 0.556 392 1000
3 0.557 398 1000
3 0.558 376 1000
3 0.559 379 1000
3 0.56 383 1000
3 0.561 375 1000
3 0.562 399 1000
3 0.563 379 1000
3 0.564 374 1000
3 0.565 362 1000
3 0.566 393 1000
3 0.567 392 1000
3 0.568 402 1000
3 0.569 366 1000
3 0.57 388 1000
3 0.571 392 1000
3 0.572 374 1000
3 0.573 382 1000
3 0.574 393 1000
3 0.575 393 1000
3 0.576 409 1000
3 0.577 388 1000
3 0.578 364 1000
3 0.579 402 1000
3 0.58 357 1000
3 0.581 397 1000
3 0.582 394 1000
3 0.583 398 1000
3 0.584 370 1000
3 0.585 418 1000
3 0.586 389 1000
3 0.587 360 1000
3 0.588 406 1000
3 0.589 414 1000
3 0.59 404 1000
3 0.591 412 1000
3 0.592 377 1000
3 0.593 397 1000
3 0.594 375 1000
3 0.595 389 1000
3 0.596 387 1000
3 0.597 407 1000
3 0.598 367 1000
3 0.599 416 1000
3 0.6 393 1000
3 0.601 385 1000
3 0.602 380 1000
3 0.603 409 1000
3 0.604 402 1000
3 0.605 380 1000
3 0.606 364 1000
3 0.607 439 1000
3 0.608 394 1000
3 0.609 401 1000
3 0.61 407 1000
3 0.611 395 1000
3 0.612 397 1000
3 0.613 378 1000
3 0.614 370 1000
3 0.615 405 1000
3 0.616 408 1000
3 0.617 392 1000
3 0.618 409 1000
3 0.619 370 1000
3 0.62 401 1000
3 0.621 404 1000
3 0.622 386 1000
3 0.623 408 1000
3 0.624 406 1000
3 0.625 396 1000
3 0.626 411 1000
3 0.627 397 1000
3 0.628 380 1000
3 0.629 408 1000
3 0.63 395 1000
3 0.631 421 1000
3 0.632 389 1000
3 0.633 377 1000
3 0.634 421 1000
3 0.635 402 1000
3 0.636 394 1000
3 0.637 380 1000
3 0.638 409 1000
3 0.639 411 1000
3 0.64 401 1000
3 0.641 394 1000
3 0.642 410 1000
3 0.643 397 1000
3 0.644 416 1000
3 0.645 405 1000
3 0.646 388 1000
3 0.647 405 1000
3 0.648 416 1000
3 0.649 403 1000
3 0.65 399 1000
3 0.651 372 1000
3 0.652 393 1000
3 0.653 412 1000
3 0.654 388 1000
3 0.655 407 1000
3 0.656 393 1000
3 0.657 381 1000
3 0.658 376 1000
3 0.659 430 1000
3 0.66 403 1000
3 0.661 393 1000
3 0.662 418 1000
3 0.663 384 1000
3 0.664 388 1000
3 0.665 413 1000
3 0.666 390 1000
3 0.667 439 1000
3 0.668 424 1000
3 0.669 432 1000
3 0.67 435 1000
3 0.671 402 1000
3 0.672 388 1000
3 0.673 401 1000
3 0.674 403 1000
3 0.675 406 1000
3 0.676 402 1000
3 0.677 375 1000
3 0.678 397 1000
3 0.679 424 1000
3 0.68 396 1000
3 0.681 401 1000
3 0.682 413 1000
3 0.683 440 1000
3 0.684 404 1000
3 0.685 408 1000
3 0.686 408 1000
3 0.687 422 1000
3 0.688 404 1000
3 0.689 424 1000
3 0.69 389 1000
3 0.691 401 1000
3 0.692 428 1000
3 0.693 426 1000
3 0.694 407 1000
3 0.695 377 1000
3 0.696 421 1000
3 0.697 408 1000
3 0.698 391 1000
3 0.699 400 1000
3 0.7 404 1000
3 0.701 392 1000
3 0.702 412 1000
3 0.703 400 1000
3 0.704 426 1000
3 0.705 400 1000
3 0.706 407 1000
3 0.707 382 1000
3 0.708 382 1000
3 0.709 392 1000
3 0.71 371 1000
3 0.711 393 1000
3 0.712 412 1000
3 0.713 396 1000
3 0.714 369 1000
3 0.715 386 1000
3 0.716 402 1000
3 0.717 400 1000
3 0.718 394 1000
3 0.719 394 1000
3 0.72 391 1000
3 0.721 385 1000
3 0.722 385 1000
3 0.723 366 1000
3 0.724 407 1000
3 0.725 393 1000
3 0.726 392 1000
3 0.727 412 1000
3 0.728 394 1000
3 0.729 389 1000
3 0.73 404 1000
3 0.731 388 1000
3 0.732 395 1000
3 0.733 392 1000
3 0.734 380 1000
3 0.735 400 1000
3 0.736 385 1000
3 0.737 374 1000
3 0.738 389 1000
3 0.739 384 1000
3 0.74 385 1000
3 0.741 349 1000
3 0.742 395 1000
3 0.743 367 1000
3 0.744 372 1000
3 0.745 368 1000
3 0.746 383 1000
3 0.747 356 1000
3 0.748 364 1000
3 0.749 373 1000
3 0.75 374 1000
3 0.751 386 1000
3 0.752 375 1000
3 0.753 339 1000
3 0.754 377 1000
3 0.755 385 1000
3 0.756 390 1000
3 0.757 359 1000
3 0.758 387 1000
3 0.759 375 1000
3 0.76 389 1000
3 0.761 377 1000
3 0.762 362 1000
3 0.763 345 1000
3 0.764 398 1000
3 0.765 361 1000
3 0.766 355 1000
3 0.767 340 1000
3 0.768 357 1000
3 0.769 349 1000
3 0.77 351 1000
3 0.771 374 1000
3 0.772 333 1000
3 0.773 362 1000
3 0.774 368 1000
3 0.775 337 1000
3 0.776 344 1000
3 0.777 354 1000
3 0.778 337 1000
3 0.779 327 1000
3 0.78 361 1000
3 0.781 356 1000
3 0.782 361 1000
3 0.783 307 1000
3 0.784 369 1000
3 0.785 339 1000
3 0.786 335 1000
3 0.787 343 1000
3 0.788 341 1000
3 0.789 328 1000
3 0.79 309 1000
3 0.791 343 1000
3 0.792 341 1000
3 0.793 327 1000
3 0.794 340 1000
3 0.795 342 1000
3 0.796 318 1000
3 0.797 309 1000
3 0.798 324 1000
3 0.799 305 1000
3 0.8 308 1000
3 0.801 318 1000
3 0.802 317 1000
3 0.803 321 1000
3 0.804 314 1000
3 0.805 297 1000
3 0.806 337 1000
3 0.807 301 1000
3 0.808 337 1000
3 0.809 291 1000
3 0.81 304 1000
3 0.811 295 1000
3 0.812 297 1000
3 0.813 298 1000
3 0.814 297 1000
3 0.815 311 1000
3 0.816 301 1000
3 0.817 311 1000
3 0.818 293 1000
3 0.819 271 1000
3 0.82 301 1000
3 0.821 276 1000
3 0.822 317 1000
3 0.823 313 1000
3 0.824 290 1000
3 0.825 285 1000
3 0.826 278 1000
3 0.827 273 1000
3 0.828 292 1000
3 0.829 272 1000
3 0.83 263 1000
3 0.831 298 1000
3 0.832 272 1000
3 0.833 283 1000
3 0.834 261 1000
3 0.835 271 1000
3 0.836 243 1000
3 0.837 256 1000
3 0.838 244 1000
3 0.839 272 1000
3 0.84 268 1000
3 0.841 248 1000
3 0.842 236 1000
3 0.843 241 1000
3 0.844 247 1000
3 0.845 242 1000
3 0.846 255 1000
3 0.847 230 1000
3 0.848 247 1000
3 0.849 220 1000
3 0.85 253 1000
3 0.851 232 1000
3 0.852 230 1000
3 0.853 216 1000
3 0.854 227 1000
3 0.855 230 1000
3 0.856 223 1000
3 0.857 210 1000
3 0.858 206 1000
3 0.859 204 1000
3 0.86 217 1000
3 0.861 208 1000
3 0.862 217 1000
3 0.863 208 1000
3 0.864 191 1000
3 0.865 215 1000
3 0.866 200 1000
3 0.867 205 1000
3 0.868 213 1000
3 0.869 207 1000
3 0.87 180 1000
3 0.871 202 1000
3 0.872 175 1000
3 0.873 170 1000
3 0.874 206 1000
3 0.875 183 1000
3 0.876 174 1000
3 0.877 175 1000
3 0.878 189 1000
3 0.879 158 1000
3 0.88 155 1000
3 0.881 173 1000
3 0.882 186 1000
3 0.883 151 1000
3 0.884 168 1000
3 0.885 176 1000
3 0.886 135 1000
3 0.887 171 1000
3 0.888 167 1000
3 0.889 153 1000
3 0.89 161 1000
3 0.891 168 1000
3 0.892 149 1000
3 0.893 143 1000
3 0.894 131 1000
3 0.895 132 1000
3 0.896 113 1000
3 0.897 117 1000
3 0.898 117 1000
3 0.899 107 1000
3 0.9 140 1000
3 0.121 21878 31000
3 0.122 21805 31000
3 0.123 21730 31000
3 0.124 21636 31000
3 0.125 21385 31000
3 0.126 21223 31000
3 0.127 21163 31000
3 0.128 21026 31000
3 0.129 21034 31000
3 0.13 20839 31000
3 0.131 20909 31000
3 0.132 20744 31000
3 0.133 20539 31000
3 0.134 20454 31000
3 0.135 20405 31000
3 0.136 20324 31000
3 0.137 20038 31000
3 0.138 20130 31000
3 0.139 19901 31000
3 0.14 19669 31000
3 0.141 19731 31000
3 0.142 19653 31000
3 0.143 19452 31000
3 0.144 19521 31000
3 0.145 19290 31000
3 0.146 19307 31000
3 0.147 19076 31000
3 0.148 19099 31000
3 0.149 19116 31000
3 0.15 18790 31000
3 0.151 18676 31000
3 0.152 18441 31000
3 0.153 18434 31000
3 0.154 18367 31000
3 0.155 18261 31000
3 0.156 18114 31000
3 0.157 18190 31000
3 0.158 18237 31000
3 0.159 18089 31000
3 0.16 18579 32000
3 0.161 17559 31000
3 0.162 17675 31000
3 0.163 17383 31000
3 0.164 17315 31000
3 0.165 17342 31000
3 0.166 17328 31000
3 0.167 28426 51000
3 0.168 17126 31000
3 0.169 16896 31000
3 0.17 16907 31000
3 0.171 16886 31000
3 0.172 16812 31000
3 0.173 16605 31000
3 0.174 16571 31000
3 0.175 16418 31000
3 0.176 16486 31000
3 0.177 16317 31000
3 0.178 16275 31000
3 0.179 16185 31000
3 0.18 16059 31000
3 0.181 13314 26000
3 0.182 13334 26000
3 0.183 13157 26000
3 0.184 13261 26000
3 0.185 13237 26000
3 0.186 13227 26000
3 0.187 13071 26000
3 0.188 12790 26000
3 0.189 12872 26000
3 0.19 12833 26000
3 0.191 12735 26000
3 0.192 13000 26000
3 0.193 12605 26000
3 0.194 12605 26000
3 0.195 12571 26000
3 0.196 12613 26000
3 0.197 12334 26000
3 0.198 12305 26000
3 0.199 12229 26000
3 0.2 12271 26000
3 0.01 25945 26000
3 0.06 23802 26000
3 0.21 11627 26000
3 0.26 4446 12000
3 0.011 24940 25000
3 0.012 24937 25000
3 0.013 24927 25000
3 0.014 24886 25000
3 0.015 24878 25000
3 0.016 24847 25000
3 0.017 24855 25000
3 0.018 24841 25000
3 0.019 24811 25000
3 0.02 24804 25000
3 0.021 24748 25000
3 0.022 24754 25000
3 0.023 24704 25000
3 0.024 24660 25000
3 0.025 24627 25000
3 0.026 24604 25000
3 0.027 24552 25000
3 0.028 24519 25000
3 0.029 24521 25000
3 0.03 24459 25000
3 0.031 24468 25000
3 0.032 24469 25000
3 0.033 24365 25000
3 0.034 24356 25000
3 0.035 24329 25000
3 0.036 24224 25000
3 0.037 24177 25000
3 0.038 24161 25000
3 0.039 24107 25000
3 0.04 24113 25000
3 0.041 24022 25000
3 0.042 23901 25000
3 0.043 23932 25000
3 0.044 23870 25000
3 0.045 23773 25000
3 0.046 23714 25000
3 0.047 23695 25000
3 0.048 23633 25000
3 0.049 23585 25000
3 0.05 23465 25000
3 0.051 23443 25000
3 0.052 23384 25000
3 0.053 23304 25000
3 0.054 23222 25000
3 0.055 23135 25000
3 0.056 23157 25000
3 0.057 22974 25000
3 0.058 22962 25000
3 0.059 22882 25000
3 0.061 22804 25000
3 0.062 22708 25000
3 0.063 22613 25000
3 0.064 22567 25000
3 0.065 22573 25000
3 0.066 22441 25000
3 0.067 22317 25000
3 0.068 22251 25000
3 0.069 22120 25000
3 0.07 22131 25000
3 0.071 21973 25000
3 0.072 22015 25000
3 0.073 21766 25000
3 0.074 21724 25000
3 0.075 21651 25000
3 0.076 21604 25000
3 0.077 21516 25000
3 0.078 21488 25000
3 0.079 21346 25000
3 0.08 21367 25000
3 0.081 21160 25000
3 0.082 21210 25000
3 0.083 20977 25000
3 0.084 20849 25000
3 0.085 20880 25000
3 0.086 20728 25000
3 0.087 20664 25000
3 0.088 20594 25000
3 0.089 20524 25000
3 0.201 11763 25000
3 0.202 11670 25000
3 0.203 11535 25000
3 0.204 11672 25000
3 0.205 11399 25000
3 0.206 11427 25000
3 0.207 11434 25000
3 0.208 11382 25000
3 0.209 11330 25000
3 0.211 11173 25000
3 0.212 11195 25000
3 0.213 11059 25000
3 0.214 11019 25000
3 0.215 11090 25000
3 0.216 11092 25000
3 0.217 10949 25000
3 0.218 10797 25000
3 0.219 10983 25000
3 0.22 10898 25000
3 0.221 10591 25000
3 0.222 10620 25000
3 0.223 10607 25000
3 0.224 10640 25000
3 0.225 10501 25000
3 0.226 10469 25000
3 0.227 10468 25000
3 0.228 10517 25000
3 0.229 10520 25000
3 0.23 10272 25000
3 0.231 10312 25000
3 0.232 10299 25000
3 0.233 10172 25000
3 0.234 10228 25000
3 0.235 10077 25000
3 0.236 10104 25000
3 0.237 10051 25000
3 0.238 10012 25000
3 0.239 9991 25000
3 0.24 9894 25000
3 0.241 9984 25000
3 0.242 9832 25000
3 0.243 9899 25000
3 0.244 9821 25000
3 0.245 9839 25000
3 0.246 9865 25000
3 0.247 9691 25000
3 0.248 9686 25000
3 0.249 9624 25000
3 0.25 9752 25000
3 0.251 4255 11000
3 0.252 4095 11000
3 0.253 4170 11000
3 0.254 4211 11000
3 0.255 4089 11000
3 0.256 4217 11000
3 0.257 4139 11000
3 0.258 4131 11000
3 0.259 4103 11000
3 0.261 4016 11000
3 0.262 4045 11000
3 0.263 4086 11000
3 0.264 4122 11000
3 0.265 4139 11000
3 0.266 4144 11000
3 0.267 4035 11000
3 0.268 4056 11000
3 0.269 4020 11000
3 0.27 4052 11000
3 0.271 4077 11000
3 0.272 3907 11000
3 0.273 3982 11000
3 0.274 3904 11000
3 0.275 3896 11000
3 0.276 3957 11000
3 0.277 4059 11000
3 0.278 3928 11000
3 0.279 3945 11000
3 0.28 3967 11000
3 0.281 3892 11000
3 0.282 3891 11000
3 0.283 3898 11000
3 0.284 3954 11000
3 0.285 3898 11000
3 0.286 3935 11000
3 0.287 3984 11000
3 0.288 3874 11000
3 0.289 3924 11000
3 0.29 3889 11000
3 0.291 3866 11000
3 0.292 3812 11000
3 0.293 3804 11000
3 0.294 3814 11000
3 0.295 3891 11000
3 0.296 3861 11000
3 0.297 3859 11000
3 0.298 3786 11000
3 0.299 3703 11000
3 0.3 3785 11000
5 0.01 1000 1000
5 0.011 1000 1000
5 0.012 1000 1000
5 0.013 999 1000
5 0.014 1000 1000
5 0.015 998 1000
5 0.016 997 1000
5 0.017 1000 1000
5 0.018 1000 1000
5 0.019 999 1000
5 0.02 999 1000
5 0.021 997 1000
5 0.022 999 1000
5 0.023 995 1000
5 0.024 997 1000
5 0.025 997 1000
5 0.026 994 1000
5 0.027 996 1000
5 0.028 997 1000
5 0.029 993 1000
5 0.03 994 1000
5 0.031 997 1000
5 0.032 995 1000
5 0.033 991 1000
5 0.034 993 1000
5 0.035 989 1000
5 0.036 984 1000
5 0.037 993 1000
5 0.038 988 1000
5 0.039 992 1000
5 0.04 987 1000
5 0.041 988 1000
5 0.042 977 1000
5 0.043 981 1000
5 0.044 985 1000
5 0.045 986 1000
5 0.046 985 1000
5 0.047 966 1000
5 0.048 981 1000
5 0.049 975 1000
5 0.05 969 1000
5 0.051 969 1000
5 0.052 967 1000
5 0.053 969 1000
5 0.054 958 1000
5 0.055 958 1000
5 0.056 957 1000
5 0.057 966 1000
5 0.058 955 1000
5 0.059 946 1000
5 0.06 943 1000
5 0.061 948 1000
5 0.062 940 1000
5 0.063 952 1000
5 0.064 932 1000
5 0.065 929 1000
5 0.066 935 1000
5 0.067 918 1000
5 0.068 921 1000
5 0.069 921 1000
5 0.07 930 1000
5 0.071 896 1000
5 0.072 912 1000
5 0.073 895 1000
5 0.074 904 1000
5 0.075 902 1000
5 0.076 905 1000
5 0.077 909 1000
5 0.078 872 1000
5 0.079 883 1000
5 0.08 887 1000
5 0.081 880 1000
5 0.082 871 1000
5 0.083 872 1000
5 0.084 870 1000
5 0.085 839 1000
5 0.086 868 1000
5 0.087 853 1000
5 0.088 840 1000
5 0.089 857 1000
5 0.09 846 1000
5 0.091 817 1000
5 0.092 812 1000
5 0.093 816 1000
5 0.094 822 1000
5 0.095 811 1000
5 0.096 799 1000
5 0.097 824 1000
5 0.098 801 1000
5 0.099 793 1000
5 0.1 800 1000
5 0.101 799 1000
5 0.102 788 1000
5 0.103 774 1000
5 0.104 764 1000
5 0.105 773 1000
5 0.106 745 1000
5 0.107 774 1000
5 0.108 751 1000
5 0.109 743 1000
5 0.11 749 1000
5 0.111 746 1000
5 0.112 744 1000
5 0.113 727 1000
5 0.114 736 1000
5 0.115 743 1000
5 0.116 712 1000
5 0.117 690 1000
5 0.118 739 1000
5 0.119 665 1000
5 0.12 691 1000
5 0.121 677 1000
5 0.122 669 1000
5 0.123 684 1000
5 0.124 684 1000
5 0.125 650 1000
5 0.126 646 1000
5 0.127 677 1000
5 0.128 642 1000
5 0.129 676 1000
5 0.13 659 1000
5 0.131 638 1000
5 0.132 643 1000
5 0.133 646 1000
5 0.134 630 1000
5 0.135 624 1000
5 0.136 643 1000
5 0.137 610 1000
5 0.138 598 1000
5 0.139 609 1000
5 0.14 593 1000
5 0.141 578 1000
5 0.142 586 1000
5 0.143 567 1000
5 0.144 592 1000
5 0.145 616 1000
5 0.146 556 1000
5 0.147 574 1000
5 0.148 578 1000
5 0.149 571 1000
5 0.15 546 1000
5 0.151 555 1000
5 0.152 567 1000
5 0.153 566 1000
5 0.154 546 1000
5 0.155 556 1000
5 0.156 531 1000
5 0.157 528 1000
5 0.158 549 1000
5 0.159 529 1000
5 0.16 541 1000
5 0.161 515 1000
5 0.162 520 1000
5 0.163 532 1000
5 0.164 477 1000
5 0.165 472 1000
5 0.166 509 1000
5 0.167 516 1000
5 0.168 504 1000
5 0.169 493 1000
5 0.17 488 1000
5 0.171 495 1000
5 0.172 492 1000
5 0.173 491 1000
5 0.174 490 1000
5 0.175 465 1000
5 0.176 482 1000
5 0.177 475 1000
5 0.178 472 1000
5 0.179 471 1000
5 0.18 471 1000
5 0.181 442 1000
5 0.182 470 1000
5 0.183 432 1000
5 0.184 467 1000
5 0.185 447 1000
5 0.186 451 1000
5 0.187 447 1000
5 0.188 460 1000
5 0.189 482 1000
5 0.19 457 1000
5 0.191 437 1000
5 0.192 473 1000
5 0.193 453 1000
5 0.194 442 1000
5 0.195 457 1000
5 0.196 426 1000
5 0.197 435 1000
5 0.198 450 1000
5 0.199 437 1000
5 0.2 429 1000
5 0.201 414 1000
5 0.202 429 1000
5 0.203 425 1000
5 0.204 420 1000
5 0.205 437 1000
5 0.206 422 1000
5 0.207 447 1000
5 0.208 421 1000
5 0.209 389 1000
5 0.21 406 1000
5 0.211 425 1000
5 0.212 438 1000
5 0.213 417 1000
5 0.214 397 1000
5 0.215 387 1000
5 0.216 383 1000
5 0.217 411 1000
5 0.218 365 1000
5 0.219 392 1000
5 0.22 408 1000
5 0.221 395 1000
5 0.222 396 1000
5 0.223 402 1000
5 0.224 379 1000
5 0.225 409 1000
5 0.226 432 1000
5 0.227 373 1000
5 0.228 391 1000
5 0.229 413 1000
5 0.23 386 1000
5 0.231 371 1000
5 0.232 411 1000
5 0.233 382 1000
5 0.234 387 1000
5 0.235 380 1000
5 0.236 391 1000
5 0.237 382 1000
5 0.238 375 1000
5 0.239 390 1000
5 0.24 411 1000
5 0.241 417 1000
5 0.242 368 1000
5 0.243 354 1000
5 0.244 390 1000
5 0.245 415 1000
5 0.246 405 1000
5 0.247 368 1000
5 0.248 398 1000
5 0.249 390 1000
5 0.25 410 1000
